1363553132 2296.0 1651.65 768.5 -7.840088 -11.5 -8.339844 0.98999023 14.939941 -16.070068 -17.929932 -26.75 11.3498535 1.6501465 -11.340088 -0.58984375 -0.6801758 -10.22998 
1363553236 -2319.0 -2235.8098 -162.35004 2.9800415 -21.380005 -1.2700195 1.6600342 1.789978 -1.6900024 -1.8400269 4.0 -0.1899414 -1.6800537 2.710022 3.8200073 -2.6500244 -2.7600098 
1363553237 -270.0 -162.35004 2.9800415 -21.380005 -1.2700195 1.6600342 1.789978 -1.6900024 -1.8400269 4.0 -0.1899414 -1.6800537 2.710022 3.8200073 -2.6500244 -2.7600098 0.0 
1363589850 2352.0 1581.58 884.76 -5.48999 -7.9299316 -19.810059 -12.439941 -1.1401367 -8.839844 -16.98999 -6.380127 4.120117 1.3198242 -5.709961 -3.9199219 0.79003906 4.6098633 
1363589970 -2371.0 -1719.6602 -669.38995 -3.0499878 -0.11999512 1.75 -3.0899963 1.8500061 -1.8300171 -0.70999146 1.269989 -3.630005 1.1400146 -0.45999146 -0.74002075 1.2000122 -2.9200134 
1363595206 2321.0 1565.5701 917.4 -19.73999 -5.5300293 -11.870117 -12.169922 -8.860107 -0.8198242 -4.680176 -12.939941 1.0800781 -6.5 5.0200195 -3.4499512 -2.8000488 1.75 
1363595316 -2329.0 -1711.3899 -647.8601 5.2000732 -6.1500244 -3.4400635 -12.539917 -1.170044 6.76001 5.209961 2.0300293 1.75 4.5699463 3.880005 -1.6300049 -5.6499023 4.029907 
1363605442 2363.0 1076.54 -26.410156 -20.899902 -17.75 -1426.8499 -158.23999 -5.130127 -5.76001 -7.159912 -1.4499512 2.8098145 1.6101074 -0.9399414 -4.2001953 -9.039795 -3.0500488 
1363605603 -2375.0 -1882.0801 -530.74 -0.76000977 -0.17999268 0.3999939 0.30000305 -1.1699982 0.3600006 0.070007324 0.94999695 -1.4000092 -0.19999695 -0.13000488 0.38000488 -0.16999817 -0.83999634 
1363630589 2307.0 1415.67 -2.9499512 -18.930176 -18.26001 9.420166 -7.25 -18.700195 2.1000977 0.07006836 -9.860107 4.459961 -5.369873 -22.090088 7.380127 8.909912 -8.77002 
1363630761 -2289.0 -1243.9299 3.039978 -3.619995 3.080017 -1.7800293 0.070007324 3.25 -4.2299805 1.8800049 0.14996338 -1.8699951 3.2000122 -1.3900146 -0.11999512 2.5200195 -1.4700317 
1363631687 -31.0 -1022.72 -2.0299683 3.4099731 -2.4400024 4.4400024 -3.4699707 3.5200195 -3.4400024 2.3199463 0.19000244 -0.40997314 3.5900269 -3.5 694.44995 1710.56 -8.350098 
1363631701 2261.0 1710.56 -8.350098 -9.829834 -27.560059 4.76001 -23.47998 5.069824 -11.539795 -16.180176 9.22998 -17.579834 1.2299805 10.300049 -16.640137 8.040039 1.9899902 
1363631762 -2272.0 -2129.74 -205.29999 -1.9800415 0.11004639 0.8999634 2.0599976 -2.9899902 -0.7199707 0.5899658 0.34002686 -2.5599976 0.5199585 0.8200073 0.6199951 -2.5599976 0.8200073 
1363631763 -442.0 -205.29999 -1.9800415 0.11004639 0.8999634 2.0599976 -2.9899902 -0.7199707 0.5899658 0.34002686 -2.5599976 0.5199585 0.8200073 0.6199951 -2.5599976 0.8200073 1.5400391 
1363642822 2328.0 384.32007 0.920166 -20.200195 -11.919922 6.6101074 -23.370117 -0.15991211 -4.290039 -17.97998 11.169922 -3.4899902 -4.540039 3.6000977 -17.400146 -2.119873 9.5 
1363642821 1695.0 2070.5598 384.32007 0.920166 -20.200195 -11.919922 6.6101074 -23.370117 -0.15991211 -4.290039 -17.97998 11.169922 -3.4899902 -4.540039 3.6000977 -17.400146 -2.119873 
1363642915 -2342.0 -1354.6301 1.0599976 -2.9799805 0.21002197 2.9299927 -3.0200195 -0.7999878 2.3200073 -1.5700073 -0.97003174 1.3900146 0.80999756 -2.8499756 1.3099976 2.329956 -3.3199463 
1363676491 2365.0 2223.69 -27.140137 -4.4799805 -19.689941 -18.72998 5.6899414 -12.26001 -9.320068 6.3500977 -18.29004 -1.0698242 8.619873 -13.699951 3.2199707 5.0 -16.669922 
1363676613 -2329.0 -986.52 -0.8200073 0.58999634 -2.669983 0.049987793 -1.4499817 -0.15002441 0.32000732 1.6100159 -1.6300049 -0.91000366 -0.42001343 -0.22000122 6.6500244 0.05999756 -0.6199951 
1363679043 2371.0 2375.8699 132.1101 -20.54004 -17.379883 3.9199219 6.409912 -14.379883 9.579834 0.44018555 -15.350098 2.25 -15.090088 -20.899902 -1.3100586 20.570068 -8.350098 
1363679171 -2342.0 -1750.81 -624.02 -1.3498535 5.76001 4.379883 -10.040039 2.75 16.48999 3.8000488 -15.679932 20.51001 1.0500488 -9.590088 8.360107 1.1699219 -13.0 
1363690199 2397.0 1621.15 -9.780029 -4.1799316 -13.380127 -22.159912 -1.3798828 4.879883 -11.030029 -9.830078 2.840088 1.75 -11.5 -0.6599121 7.550049 -7.0600586 -11.830078 
1363690340 -2355.0 -1405.54 0.9299927 -2.8399963 -1.5999756 1.1599731 2.2000122 -3.149994 0.9499817 1.1200256 -1.8200073 -1.5 3.3299866 0.8200073 -1.5799866 -0.44000244 1.1399841 
1363690748 2351.0 2202.2402 -8.470215 -7.080078 -0.71972656 -26.919922 -9.790039 9.57959 -1.6298828 12.919922 -4.7998047 5.5898438 5.590332 -6.9101562 -15.040039 -5.8398438 16.969727 
1363690832 -2298.0 -2151.16 6.680176 6.039795 -2.9299316 -11.75 -0.57006836 7.3500977 3.8100586 -4.540039 -4.23999 7.590088 0.7897949 -5.779785 -7.670166 3.8601074 5.209961 
1363690836 -195.0 -11.75 -0.57006836 7.3500977 3.8100586 -4.540039 -4.23999 7.590088 0.7897949 -5.779785 -7.670166 3.8601074 5.209961 -8.949951 -10.030029 -6.8500977 -0.050048828 
1363718144 2276.0 1743.0499 643.42017 -18.480225 -30.189941 -8.23999 -5.8498535 -5.1901855 -0.5498047 0.029785156 10.180176 -3.3000488 -4.8901367 -10.939941 3.0800781 2.1000977 5.5097656 
1363718258 -2266.0 -1707.92 -627.05 -0.89001465 -0.6199951 -0.17999268 0.14001465 1.1699829 -2.5200195 -1.4899902 0.98999023 0.80999756 1.25 -1.4699707 -1.2299805 0.45996094 1.9899902 
1363718259 -460.0 -627.05 -0.89001465 -0.6199951 -0.17999268 0.14001465 1.1699829 -2.5200195 -1.4899902 0.98999023 0.80999756 1.25 -1.4699707 -1.2299805 0.45996094 1.9899902 -2.3999634 
1363719512 2263.0 1780.1 602.78 -15.72998 -17.439941 6.319824 -18.859863 -3.9399414 7.6499023 -19.300049 7.5300293 2.8601074 -18.570068 10.51001 0.060058594 -9.5 9.98999 
1363719581 -2264.0 -1096.8801 1.2700195 1.8099976 -2.790039 3.920044 -2.7999878 -0.22003174 3.1799927 -4.080017 2.5200195 -1.1099854 -1.1699829 3.2299805 -4.450012 2.369995 0.0 
1363719581 -286.0 -1096.8801 1.2700195 1.8099976 -2.790039 3.920044 -2.7999878 -0.22003174 3.1799927 -4.080017 2.5200195 -1.1099854 -1.1699829 3.2299805 -4.450012 2.369995 0.0 
1363762922 2325.0 2080.22 367.81006 -20.110107 -15.219971 -9.429932 1.5700684 -2.2402344 -11.689941 -4.459961 4.6899414 -23.409912 -5.949951 -12.880127 3.1101074 4.2700195 -2.7299805 
1363763026 -2308.0 -2363.43 -3.6500244 -0.4199829 -0.36999512 0.19000244 0.55999756 -0.5500183 -0.22998047 0.05999756 0.48999023 -0.23999023 -0.27999878 0.5999756 24.400024 -5.350006 3.350006 
1363766165 2336.0 1929.0001 -24.51001 -4.6000977 -17.830078 -14.97998 1.9899902 -6.0598145 -1.1901855 10.180176 -14.350098 -8.100098 7.23999 -11.839844 -2.880127 11.320068 -12.77002 
1363766299 -2273.0 -1447.7999 -964.03 -13.369995 -5.0 -0.7200012 -0.95999146 1.2900085 -1.7600098 -0.05999756 1381.34 269.46008 3.8498535 -8.149902 -9.090088 22.640137 -9.23999 
1363779757 2332.0 1539.9299 946.69006 -4.8601074 -16.27002 -18.949951 -12.689941 -4.3999023 0.22998047 -7.8901367 -5.1899414 -0.8901367 -8.639893 0.88012695 -0.010009766 4.5898438 -1.0600586 
1363779858 -2360.0 -1987.6799 -1.0899963 0.50997925 -1.9499817 0.2999878 2.2200012 -1.8699951 -1.1199951 -1.0299988 2.3499756 -1.6099854 0.769989 0.6199951 0.52001953 -2.0100098 1.1900024 
1363779858 -406.0 -1987.6799 -1.0899963 0.50997925 -1.9499817 0.2999878 2.2200012 -1.8699951 -1.1199951 -1.0299988 2.3499756 -1.6099854 0.769989 0.6199951 0.52001953 -2.0100098 1.1900024 
1363782610 2319.0 2483.4902 -19.54004 -15.47998 -0.43017578 -25.98999 -7.0300293 -8.959961 -4.0 8.870117 -7.670166 -8.959961 8.4001465 -14.959961 7.629883 2.2299805 35.360107 
1363782713 -2331.0 -1635.8801 -751.74 0.5800171 1.9700012 -3.6100159 -0.47000122 3.369995 -1.7200012 -0.62997437 0.6999817 0.19000244 -1.7399902 1.4700012 1.9499817 -1.9799805 1.1799927 
1363791182 2375.0 1992.08 -21.5 -22.799805 -11.540039 -6.040039 -13.189941 -13.550049 10.800049 5.290039 -13.820068 -4.98999 7.1098633 -5.8498535 -11.219971 8.589844 10.140137 
1363791301 -2397.0 -2077.33 -365.15 -1.9400024 -1.2900085 -0.8699951 0.83999634 -0.36999512 -1.2000122 0.55999756 -0.33999634 2.5 -0.91000366 -1.5099792 2.0699768 0.0 0.36001587 
1363801643 2338.0 2030.0299 -18.46997 -20.159912 -9.9001465 -1.1098633 -13.76001 -5.5 5.959961 7.040039 -5.8200684 -13.060059 2.9799805 0.9001465 -14.73999 4.0200195 8.829834 
1363801780 -2357.0 -1916.2 -484.43 -3.7800293 -0.13000488 -2.1900024 -0.52996826 1.3099976 1.4299927 -1.0800171 -1.7699585 0.079956055 3.1100464 -1.3900146 -0.960022 -0.3499756 1.1199951 
1363852584 2378.0 1697.6602 -0.7102051 -3.3498535 -14.709961 -11.590088 -7.550049 6.1401367 -3.3901367 -7.709961 -9.030029 -6.6499023 -4.9001465 -4.1499023 -4.7299805 -13.280029 -6.0 
1363852731 -2374.0 -1546.69 -1.2399902 -0.6000061 1.980011 0.62997437 -3.1099854 -0.8300171 -1.1899719 2.1299744 -0.27999878 -1.3999939 0.30999756 0.960022 -1.2800293 -1.1399841 -0.02999878 
1363856654 2386.0 1917.55 586.8899 -17.779785 -24.410156 -5.1799316 -4.290039 -2.3000488 -4.51001 -8.139893 -6.2800293 -0.76000977 4.3200684 2.869873 -3.9199219 -5.1401367 -5.7199707 
1363856730 -2390.0 -2212.5298 -0.15000916 0.33000183 0.25 -0.94000244 0.13000488 0.2599945 0.32000732 0.2899933 -1.2399902 0.84999084 -0.19999695 1.0700073 -1.3899994 0.2599945 -0.070007324 
1363874605 2342.0 1194.9099 -8.300049 -15.539795 -11.950195 -12.189941 0.63012695 -0.47998047 -8.330078 -7.2199707 -2.209961 -2.1801758 -3.6499023 -5.0200195 -2.630127 -2.0598145 1.9399414 
1363874736 -2356.0 -1546.59 -855.69995 -2.1600037 1.0499878 52.49002 -4.3399963 7.7099915 -7.4400024 -1.1100159 1.6300049 0.8699951 0.8500061 -2.3899841 -0.4500122 1.7799988 -1.8800049 
1363874743 -420.0 -7.4400024 -1.1100159 1.6300049 0.8699951 0.8500061 -2.3899841 -0.4500122 1.7799988 -1.8800049 0.36001587 0.6000061 1.2999878 0.16000366 -2.2399902 0.6899719 0.05001831 
1363875829 2345.0 1097.3499 -26.689941 -9.969971 10.580078 -25.560059 5.0600586 -8.640137 -13.550049 0.0 -10.0998535 0.0 -2.6201172 0.0 3.1000977 0.0 8.290039 
1363875922 -2375.0 -1376.74 -1.4799805 -1.1400146 3.210022 -3.810028 -0.5699768 2.2200012 -0.91000366 -1.4400024 2.4299927 1.1100159 -0.59002686 3.330017 -0.7000122 -1.2399902 2.0899963 
1363885638 2367.0 1611.32 -10.209961 -8.949951 -8.320068 198.48999 215.59009 -4.0700684 -32.71997 0.35986328 -9.569824 5.4699707 7.5998535 -21.639893 23.97998 -294.68994 -112.37012 
1363885760 -2307.0 -1836.8699 -512.78 327.37 131.52002 -39.190002 -28.640015 -6.0700073 18.109985 -1.4699707 -9.02002 8.340027 6.380005 -436.59003 -11.109985 -0.95999146 0.22998047 
1363895012 2337.0 1883.58 -25.159912 4.580078 -23.320068 2.1499023 -12.530029 8.470215 -21.800049 6.8999023 -13.859863 3.9899902 -13.050049 3.6398926 1.7800293 -2.5300293 6.630127 
1363895158 -2302.0 -1658.0399 -711.58997 -4.950012 -1.1900024 4.160034 -0.74005127 -3.1499634 1.6599731 0.5300293 -1.1600342 2.170044 0.099975586 -4.01001 -1.3499756 1.5499878 -21.179993 
1363938210 2382.0 1873.92 -15.02002 -12.25 -11.879883 -11.550049 -9.709961 -4.459961 -3.1801758 -5.069824 -2.1401367 -2.340088 -2.2998047 -4.080078 -3.8200684 6.5200195 9.26001 
1363943970 2366.0 1937.01 -9.590088 -18.889893 -12.840088 2.0600586 -6.0600586 -21.04004 7.25 12.709961 -9.409912 -14.330078 3.0800781 -2.4899902 -8.449951 1.75 4.7299805 
1363944123 -2395.0 -1714.3501 -4.6900024 4.880005 -1.980011 -1.1799927 -1.2999878 -0.36001587 4.980011 -3.5200195 8.400024 0.9299927 2.75 -2.4599915 6.73999 -5.8399963 -4.220001 
1363952571 2305.0 1511.9601 -24.320068 -19.47998 -4.209961 -11.689941 -13.700195 10.170166 -6.300049 -14.6501465 6.830078 5.540039 -13.449951 1.3398438 8.22998 -10.0998535 -4.76001 
1363952695 -2317.0 -1564.6 -0.98999023 -0.070007324 0.9700012 0.51000977 -1.6100159 -0.3999939 -0.13000488 0.94000244 0.3999939 -0.3500061 -0.6499939 -0.10998535 0.6999817 0.480011 0.22000122 
1363970591 2338.0 1662.4299 771.89014 -64.77002 -1.3100586 -9.580078 -24.0 20.010254 -4.680176 1.2202148 22.75 -15.210449 14.590332 -1.4199219 -25.660156 8.700195 -30.92041 
1363970711 -2332.0 -1553.96 -802.1301 -9.369873 9.790039 -7.5600586 1.4599609 6.830078 -15.950195 4.1000977 7.830078 -15.219971 11.23999 -9.410156 -0.79003906 8.26001 -7.76001 
1363975771 2293.0 2279.8499 -3.9699707 -12.5998535 -16.830078 -0.100097656 -16.259766 -12.5 12.48999 -15.430176 -1.5400391 12.530029 -12.869873 5.540039 -2.1801758 -22.339844 8.149902 
1363975849 -2310.0 -1605.7499 -755.16003 0.17999268 0.9500122 2.210022 -1.9299927 1.75 0.16998291 -1.5200195 2.1500244 -1.75 0.48999023 -0.3499756 1.3799438 -2.4099731 0.39001465 
1363977692 2325.0 1207.29 -34.639893 -21.159912 7.5197754 -172.41992 -175.68994 -7.26001 7.4799805 6.5700684 181.94995 250.95996 -112.57007 -9.339844 15.449951 0.12988281 23.140137 
1363977692 878.0 1207.29 -34.639893 -21.159912 7.5197754 -172.41992 -175.68994 -7.26001 7.4799805 6.5700684 181.94995 250.95996 -112.57007 -9.339844 15.449951 0.12988281 23.140137 
1363977784 -2268.0 -1497.4702 -869.18994 14.439941 -205.22998 -136.75 0.77001953 1.7399902 5.0700684 203.36987 235.15015 -112.13013 4.870117 -30.120117 26.350098 -6.9401855 7.380127 
1364024716 2342.0 1833.3699 -24.53003 -9.069824 -4.0700684 -19.429932 -22.95996 10.669922 -4.75 -15.399902 0.8598633 2.4799805 -13.790039 -3.0698242 5.6799316 0.6599121 -11.969971 
1364024843 -2331.0 -2211.71 -2.380005 1.7099915 0.11999512 -3.2299805 1.5599976 0.23999023 -2.2200012 1.8900146 -0.8500061 -1.3900146 1.3099976 0.26000977 -1.3099976 3.0100098 -0.5299988 
1364025077 -2352.0 -2192.87 -190.45996 -0.5500183 1.7900085 -3.0299988 2.019989 -0.9299927 -0.3500061 1.3399963 -3.039978 1.9899902 0.0 -1.0299988 1.6699829 -2.269989 0.95999146 
