1363549296 1570.0 1570.9099 -8.699951 -9.369873 8.639893 0.5500488 -6.620117 0.21020508 -10.940186 3.1101074 10.369873 -1.0998535 3.3898926 -2.909912 -1.0700684 -4.300049 6.040039 
1363549464 -1562.0 -1386.02 -196.69003 -0.269989 0.27999878 0.30999756 0.22000122 -0.23999023 -0.5600281 1.3600159 -1.1199951 0.30999756 -0.08001709 0.25 -2.8399963 -0.3999939 -0.049987793 
1363551227 1561.0 1028.6799 6.0600586 -9.440063 -4.0999756 19.810059 -7.6899414 -2.7200928 -9.809937 -10.890015 -2.5100098 4.1799316 -8.289917 2.4499512 7.869995 -16.050049 -0.57995605 
1363551418 -1539.0 -1522.87 -45.45999 -0.89001465 0.14001465 0.25997925 0.08999634 -0.25 0.17001343 -0.040008545 -0.5 0.3500061 -0.07998657 0.009979248 0.6500244 -0.5 -0.19000244 
1363595273 1557.0 1170.98 407.6499 6.7299805 13.360352 -15.510254 -8.119629 11.639648 8.660156 -23.899902 7.709961 5.4799805 -5.8100586 -13.450195 10.400391 15.1796875 -6.5200195 
1363595421 12.0 9.040039 -0.22998047 2.1799316 -3.7399902 8.219971 -3.959961 -4.959961 3.0499268 2.9400635 -5.7000732 -3.0699463 1.8800049 0.6600342 -8.170044 -5.2800293 11.670044 
1363595434 -1521.0 -8.170044 -5.2800293 11.670044 3.6500244 -7.210083 5.910034 5.8200684 -9.200073 -5.169922 3.5599365 4.3599854 -3.2700195 -1.5299072 16.659912 0.5800781 1.789917 
1363595506 -1586.0 -1079.3 -530.22 -1.5 0.13000488 0.6000061 0.5299988 -2.0299988 -0.4300232 0.5800171 1.0 -0.99002075 -0.63998413 0.45999146 1.0800171 -1.6100159 -0.5 
1363610416 1568.0 509.40002 17.22998 -5.0999756 4.579956 -2.3499756 -5.8499756 -8.410034 -1.3999023 3.459961 2.8599854 2.709961 -1.1099854 -3.1500244 -1.1398926 3.289917 -0.35998535 
1363610416 630.0 509.40002 17.22998 -5.0999756 4.579956 -2.3499756 -5.8499756 -8.410034 -1.3999023 3.459961 2.8599854 2.709961 -1.1099854 -3.1500244 -1.1398926 3.289917 -0.35998535 
1363610615 -1575.0 -1594.22 -1.4300079 -0.36999512 -0.31999207 -0.21000671 -0.16999817 0.6199951 -1.3999939 -0.80000305 0.55999756 0.69999695 -0.009994507 1.5299988 15.9900055 -0.30000305 -0.30000305 
1363611076 1580.0 -16.329987 0.38998413 0.070007324 1390.81 224.33997 -0.25 0.85998535 -5.8999023 -0.960083 4.1800537 1.6899414 -3.9699707 -8.410034 0.57006836 7.5599365 -0.79992676 
1363611079 1216.0 1390.81 224.33997 -0.25 0.85998535 -5.8999023 -0.960083 4.1800537 1.6899414 -3.9699707 -8.410034 0.57006836 7.5599365 -0.79992676 -5.380005 -4.7299805 0.539917 
1363611249 -1561.0 -1246.1699 1.1400146 0.25997925 -1.9799805 -2.25 0.06997681 0.6500244 13.779999 2.8099976 0.5499878 -10.829987 -7.230011 -0.519989 -1.1400146 -0.73999023 -0.32000732 
1363641917 1558.0 1501.2301 92.43994 -6.8100586 -2.159912 -0.20996094 1.4299316 10.050049 4.9299316 -0.8400879 -0.98999023 -1.0100098 -13.679932 2.0600586 -0.77001953 -4.0300293 -1.0300293 
1363642120 -1555.0 -1509.2799 0.32000732 -0.48999023 -0.049987793 -18.28003 -1.1300049 -0.11999512 1.539978 -0.6199951 -0.57995605 0.7999878 -0.64001465 -0.4699707 0.6199951 -0.05999756 0.30999756 
1363679067 1551.0 6.3398438 -7.0200195 -13.050049 4.720215 1327.02 262.16992 10.069824 -9.72998 2.7001953 2.1499023 13.859863 -3.040039 -16.919922 -17.699707 -4.1401367 5.6000977 
1363679071 1274.0 1327.02 262.16992 10.069824 -9.72998 2.7001953 2.1499023 13.859863 -3.040039 -16.919922 -17.699707 -4.1401367 5.6000977 -3.7299805 2.7797852 6.879883 8.77002 
1363679300 1594.0 1423.04 -11.5998535 -0.4802246 -4.1098633 4.6799316 1.3100586 9.820068 -1.630127 -10.820068 -5.9299316 2.9699707 -3.5998535 1.0598145 3.7202148 4.409912 1.2199707 
1363679343 -1586.0 -1173.03 -2.3701172 -4.3398438 -0.050048828 5.4299316 4.800049 -7.8200684 -3.6799316 -1.9699707 -1.0900879 -0.47998047 -5.1398926 -1.4899902 0.7199707 -3.0500488 17.109863 
1363679349 -156.0 -7.8200684 -3.6799316 -1.9699707 -1.0900879 -0.47998047 -5.1398926 -1.4899902 0.7199707 -3.0500488 17.109863 -2.4199219 -3.2399902 1.0300293 4.459961 1.5 -4.5200195 
1363680656 1598.0 1073.5 -1.6899414 23.659912 -8.799805 -5.3500977 1.7700195 1.9399414 -9.02002 -10.179932 1.75 1.6098633 -2.329834 -0.98999023 2.4199219 1.5300293 -6.159912 
1363680861 -1580.0 -1219.18 -389.78998 1.6499939 0.08999634 1.2400208 -1.8500061 0.32000732 -0.51000977 0.13000488 0.6199951 -0.85998535 0.50997925 -0.9700012 1.8900146 -0.54000854 0.070007324 
1363690708 1622.0 940.42993 -7.4299316 -11.679932 5.4699707 3.1298828 -8.109863 3.8598633 6.050049 -15.27002 -4.5200195 10.209961 -7.119873 -6.909912 7.0 0.75 -11.790039 
1363690923 -1595.0 -990.31006 -630.94995 -0.23001099 -1.6399841 -0.44000244 -2.1100159 0.480011 0.7200012 1.1000061 -1.1199951 0.3999939 -0.5500183 -0.13998413 0.19998169 -0.23999023 33.200012 
1363714743 1560.0 1044.82 -10.929932 3.7700195 -16.04004 5.9299316 -19.95996 2.5100098 -17.98999 15.380127 -12.97998 14.379883 -10.199951 27.20996 -9.389893 4.75 -6.75 
1363714890 -1558.0 -856.69995 0.64001465 0.5 1.8099976 -1.5700073 0.89001465 -1.4800415 0.79003906 0.5999756 1.3400269 -1.5700073 -0.11004639 -1.1300049 1.0900269 0.84002686 0.14996338 
1363716561 1579.0 1018.66016 -799.25 -96.490234 -0.67993164 -0.020019531 4.0300293 -11.439941 -11.530029 -4.1101074 3.4401855 0.5 -6.4699707 -4.620117 0.63012695 -3.8601074 -5.330078 
1363716562 -1111.0 -799.25 -96.490234 -0.67993164 -0.020019531 4.0300293 -11.439941 -11.530029 -4.1101074 3.4401855 0.5 -6.4699707 -4.620117 0.63012695 -3.8601074 -5.330078 10.170166 
1363716719 -1560.0 -1034.7 -574.41 3.709961 -1.1199951 -0.4500122 2.8600464 -0.4800415 -3.0700073 0.960022 2.7399902 -0.85998535 -0.23999023 2.1900024 -1.4400024 -0.7000122 1.5200195 
1363717577 1531.0 1566.99 -19.330078 -10.27002 -1.8100586 7.8901367 -3.7600098 -7.3601074 1.0100098 -5.6899414 -4.4399414 -13.219971 4.9799805 5.9399414 -0.36010742 12.630127 -24.580078 
1363717732 -1528.0 -923.77997 -2.210022 0.0 2.5599976 0.0 -1.1400146 0.0 2.2999878 0.0 -2.5299683 0.3499756 0.7800293 1.7699585 -2.1999512 -1.170044 0.76000977 
1363763540 -1595.0 -1117.6199 -509.18002 -2.119995 0.8800049 0.51000977 0.789978 -0.88998413 -1.1700134 1.0200195 0.80999756 0.789978 -1.7299805 1.1900024 -1.5500183 0.6199951 0.5500183 
1363763588 1622.0 777.61 -11.309937 -5.6099854 219.28003 40.549805 6.930176 1.0400391 4.129883 -0.5800781 -11.209961 1.6000977 2.619873 -3.7399902 -4.209961 3.130127 4.5998535 
1363763684 -1601.0 -1366.5 -279.22003 0.6000366 -1.5 1.8800049 -3.8500366 2.6400146 -3.1099854 0.55999756 -0.94000244 -0.94000244 3.0200195 -3.0700073 2.6999512 -3.079956 1.9899902 
1363766308 1583.0 1381.34 269.46008 3.8498535 -8.149902 -9.090088 22.640137 -9.23999 0.6699219 -6.3999023 -18.27002 7.48999 -1.6799316 -10.380127 10.679932 -8.809937 2.9400635 
1363766494 1567.0 1231.0 395.14966 -12.05957 6.6098633 -0.97998047 -6.669922 3.0996094 -9.349609 -2.340332 -41.629883 27.780273 -0.4501953 25.0 -15.580078 15.780273 -17.810059 
1363766503 -1196.0 -41.629883 27.780273 -0.4501953 25.0 -15.580078 15.780273 -17.810059 22.429688 -7.699707 11.659668 -16.09961 9.189941 -19.470215 9.970215 -26.860352 12.130371 
1363766563 -1572.0 -1338.6199 -269.04004 12.77002 4.540039 -15.730225 37.03003 -40.18994 20.77002 -7.9699707 18.899902 -25.73999 3.75 14.1501465 -14.52002 24.369873 -13.48999 
1363853489 1607.0 1577.1901 63.660034 3.459961 11.879883 -0.5998535 -1.2399902 -12.47998 10.859863 -9.669922 8.51001 -19.53003 8.97998 -14.880005 10.420044 -15.26001 13.069946 
1363853756 -1580.0 7.8900146 6.1099854 -9.630005 2.0700684 1.1999512 2.5600586 -2.130005 -2.6900635 -1.829956 -0.9400635 -1013.4199 -585.74 -0.75 -1.2000122 0.010009766 -0.070007324 
1363853766 -2658.0 -1013.4199 -585.74 -0.75 -1.2000122 0.010009766 -0.070007324 0.95999146 -0.35998535 -0.17999268 1.4700012 -0.710022 0.1000061 -0.23001099 -0.9399719 -0.9300232 0.8200073 
1363857080 1618.0 1483.05 -0.8100586 4.1400146 -5.3599854 -0.5300293 3.1099854 -1.329956 -6.829956 -0.11999512 0.8099365 -4.4399414 -2.9899902 8.399902 -2.7598877 -7.369995 2.6999512 
1363857339 -1597.0 -1053.85 -0.5500183 1.2200012 -1.6499939 -0.19998169 0.88998413 -1.0899963 -0.5799866 0.80999756 0.60998535 -1.5599976 0.47000122 1.6600037 -1.5200195 -0.1499939 0.7200012 
1363898501 1587.0 832.2101 -2.5700684 -8.699951 0.5600586 -6.1601562 -4.3398438 3.1799316 5.080078 3.079834 -7.619873 5.1398926 -0.579834 1.5498047 -5.829834 -2.090088 13.639893 
1363898723 -1598.0 -980.58 16.640015 0.46002197 -3.419983 -17.410034 -9.159973 5.3200073 1.6999512 4.8200073 1.8300171 -4.1099854 3.8099976 -0.39001465 2.6900024 2.0700073 10.679993 
1363898727 -202.0 -17.410034 -9.159973 5.3200073 1.6999512 4.8200073 1.8300171 -4.1099854 3.8099976 -0.39001465 2.6900024 2.0700073 10.679993 -3.710022 -4.959961 -3.5 3.539978 
1363938790 1577.0 1517.8899 -7.409912 -6.370117 -4.829834 -2.6000977 -2.5700684 1.6901855 13.5998535 16.449951 4.01001 4.25 -3.9199219 -10.939941 -2.9799805 -0.5600586 -4.4299316 
1363939014 -1586.0 -1412.4202 -196.16998 0.16003418 0.44995117 -0.52996826 -1.3500366 -0.029968262 2.25 5.0299683 -5.659973 0.8699951 0.41003418 0.19995117 -1.0 0.070007324 1.0900269 
1363977012 1554.0 306.95996 105.44995 -124.98999 47.110107 -0.60009766 -369.17993 -7.8999023 1137.0498 455.79028 37.77002 286.3496 56.390137 -51.739746 13.489746 -38.31006 42.45996 
1363977019 1245.0 1137.0498 455.79028 37.77002 286.3496 56.390137 -51.739746 13.489746 -38.31006 42.45996 2.010254 -35.200195 12.870117 -13.939941 -344.41016 0.0 27.75 
1363977242 -1531.0 -1602.1902 -304.24 -4.709961 -0.20996094 2.8999023 183.0 229.16016 -53.58008 -9.75 -2.3701172 10.540039 -16.929932 22.76001 -26.050049 46.80005 -256.93994 
1363988721 1577.0 732.61 -4.7700195 8.609985 -1.4899902 -9.51001 1.5 5.0 -0.6699219 -5.3900146 -1.8499756 3.380005 -7.8601074 2.119995 17.570068 4.880005 -4.9500732 
1363988945 -1564.0 -931.35 -0.11999512 1.3699951 -1.5799866 -0.41000366 -0.13998413 2.0099792 -1.0899963 -0.66000366 0.7000122 1.3099976 1.0700073 -1.6000061 0.05999756 0.85998535 1.710022 
1363989366 1597.0 1013.42004 608.23 -2.0699463 -6.26001 -7.420044 2.9499512 3.3100586 10.75 11.160034 6.0 3.5500488 -0.32006836 -3.040039 -12.320068 -3.249878 1.0499268 
1363989453 11.0 6.369995 2.0699463 2.5300293 -3.0599365 2.4399414 1.210083 0.3798828 -4.459961 -3.8499756 1.8000488 5.98999 3.1899414 -1.6300049 -4.3499756 -6.6400146 1.9400635 
1363989467 -1054.0 -6.6400146 1.9400635 5.2698975 1.2600098 -4.6499023 0.8898926 1.4899902 0.07006836 -1.4799805 -1.6300049 0.73999023 -4.630005 9.290039 -5.2800293 -3.5300293 3.9100342 
1363989562 -1575.0 -1299.8999 -0.11001587 -1.3500061 -0.43997192 0.88998413 0.8999939 -0.3999939 0.05999756 -1.5400085 -0.60998535 0.94000244 0.1499939 0.61001587 0.6499939 -0.6800232 -0.9399719 
1363989562 -329.0 -1299.8999 -0.11001587 -1.3500061 -0.43997192 0.88998413 0.8999939 -0.3999939 0.05999756 -1.5400085 -0.60998535 0.94000244 0.1499939 0.61001587 0.6499939 -0.6800232 -0.9399719 
1364026037 1604.0 1555.32 -6.9799805 1.0400391 -9.159912 -5.7299805 6.7697754 -2.7399902 -4.959961 6.26001 0.13012695 -10.130127 2.920166 1.0498047 -10.919922 6.629883 4.0700684 
1364026248 -1591.0 -1159.53 0.7000122 0.79000854 0.44000244 -1.210022 1.3200073 0.1499939 -0.30999756 -1.519989 -0.5499878 1.7799988 -0.64001465 -0.8699951 -0.9200134 1.5200195 0.22998047 
1364026463 1574.0 909.6499 -9.709961 0.8000488 2.1298828 -1.4399414 -11.049927 -0.16003418 -7.089966 0.7800293 2.0499268 3.0 -1.6500244 -7.159912 -2.2600098 4.089966 2.0100098 
1364026636 11.0 -689.24005 1.1700134 0.42001343 0.38998413 -0.73999023 -0.30999756 0.23999023 0.16000366 0.8699951 -0.39001465 1468.6 138.39001 -4.8099365 -3.4100342 -2.2299805 0.30993652 
1364026646 1582.0 1468.6 138.39001 -4.8099365 -3.4100342 -2.2299805 0.30993652 -1.2399902 0.6800537 0.9499512 0.0 1.5400391 0.0 -1.7199707 0.0 4.199951 0.0 
1364026713 -1583.0 -1193.23 -417.41998 0.789978 0.24002075 -0.8500061 -0.26000977 -0.1000061 0.44000244 -1.0499878 0.17999268 -0.6000061 -0.4199829 0.60998535 -0.1499939 -0.16998291 0.75 
