1363548913 -83.0 -60.110016 -22.119995 -0.47999573 0.47000122 1.0599976 -0.27000427 -0.66999817 -0.30999756 -0.21000671 1.4199982 0.08000183 -0.91000366 -0.37998962 1.2200012 0.44999695 -1.2799988 
1363550079 244.0 204.29001 63.960022 1.8199463 -25.899963 -4.799988 2.7299805 4.9699707 -8.659973 2.5700073 -1.2299805 5.6499634 14.720032 -0.89001465 -19.929993 0.69000244 -0.4000244 
1363550710 -242.0 -225.40997 -19.930023 0.25 1.1700134 0.22000122 -0.20999146 -1.2600098 -0.1499939 -0.14001465 0.6300049 0.11999512 0.24002075 -1.3200073 -0.040008545 0.3500061 -0.019989014 
1363551563 106.0 10.089996 -4.1500244 -0.8999939 1.6600037 0.0 13.110016 0.0 1.7399902 0.0 -1.1799927 0.0 1.0 0.539978 0.8800049 0.22000122 -2.619995 
1363551583 -73.0 -59.830017 -7.909973 -5.0200195 -0.5800171 -2.4500122 12.51001 1.2700195 -7.26001 -9.330017 -7.8099976 -1.7699585 -2.4400024 -2.2800293 -0.539978 1.75 0.38000488 
1363553220 -80.0 -20.300049 -2.6401367 20.340088 -12.159912 -29.100098 -44.370117 -18.639893 -3.9699707 10.01001 20.159912 -7.300049 9.840088 -8.689941 -15.98999 10.550049 25.779785 
1363553806 80.0 26.23999 -1.4899902 2.6600037 -2.6700134 2.5 -2.149994 -25.75 0.22998047 12.059998 5.710022 -10.839996 -14.150024 -2.5799866 4.299988 -2.8299866 3.2600098 
1363556485 -75.0 -27.870026 -0.36999512 0.5299988 -2.0799866 -2.0100098 -12.329987 -10.860016 1.4400024 1.8800049 1.2799988 -1.8599854 -1.2900085 1.8299866 -6.149994 -1.3999939 2.6399841 
1363559280 95.0 -15.029999 -3.130005 -2.75 2.6900024 -3.2299957 1.2200012 -2.9400024 1.6499939 -1.1199951 1.2899933 -2.2399902 0.70999146 -1.9700012 0.6399994 -0.6799927 0.7299957 
1363559891 -82.0 -69.729996 -10.7599945 0.16999817 -0.9900055 0.05000305 0.8999939 -0.17999268 -0.47999573 0.7299957 -1.4700012 1.1600037 0.7599945 -1.4700012 -0.05999756 1.0099945 -0.98999023 
1363563269 96.0 -13.779999 -2.7399902 0.83000183 -3.2100067 0.6499939 -1.719986 1.9899902 -0.33000183 -0.73999023 0.08999634 -2.130005 0.020004272 0.19999695 -0.75 0.02999878 -1.8199921 
1363563865 -82.0 -76.16999 0.65999603 0.12000275 -0.5200043 1.2700043 -1.7799988 0.58999634 -0.12999725 0.18999481 0.45000458 -0.8199997 0.47999573 -0.23999786 0.15000153 1.0100021 0.15999603 
1363565088 90.0 -80.23999 -2.7900085 -4.350006 -1.6099854 0.69999695 0.6499939 -2.069992 -0.66000366 1.0699921 0.020004272 -0.19000244 -2.4100037 0.9500122 -1.4300079 0.69000244 -1.3500061 
1363567472 -86.0 -84.45999 -0.08000183 0.2899933 0.16999817 -0.009994507 0.08999634 0.22000122 -0.1499939 -0.41000366 -0.2599945 -0.05000305 0.13999939 0.42999268 -0.22999573 -0.08000183 0.55999756 
1363570068 93.0 -31.350006 -4.619995 -2.8399963 0.11000061 -0.3500061 0.27999878 -1.9700012 -0.75 1.6000061 -0.8699951 0.30999756 -1.8200073 -1.1299896 -0.13000488 0.08000183 -0.51000977 
1363570671 -81.0 -58.28 -22.099998 -0.34999847 -0.41999817 0.4399948 0.7400055 -0.4200058 -0.1800003 -0.36999512 0.08000183 0.7299957 -0.7799988 0.19999695 -0.18999481 0.75 -0.84000397 
1363574189 94.0 -10.5 -1.4700012 -2.100006 -2.8000183 0.060028076 -0.060028076 0.69000244 0.5299988 -1.6999817 -1.4299927 0.8999939 -0.36999512 -0.3500061 -0.08999634 -1.2700043 -0.8400116 
1363574189 -495.0 -10.5 -1.4700012 -2.100006 -2.8000183 0.060028076 -0.060028076 0.69000244 0.5299988 -1.6999817 -1.4299927 0.8999939 -0.36999512 -0.3500061 -0.08999634 -1.2700043 -0.8400116 
1363574781 -83.0 -62.450005 -0.3899994 -0.37999725 -0.2400055 0.29000092 0.26000214 -0.58000183 -0.1800003 0.4900055 0.25 0.26999664 -0.55999756 -0.13000488 -0.2599945 0.8600006 0.16999817 
1363577179 93.0 966.98 -703.81 -155.18 -6.6600037 -1.0899963 -1.9400024 -0.21000671 -1.199997 0.41000366 1.1100006 -1.8600006 -0.11000061 -0.8699951 -1.3100128 -0.6599884 1.3300018 
1363577180 -667.0 -703.81 -155.18 -6.6600037 -1.0899963 -1.9400024 -0.21000671 -1.199997 0.41000366 1.1100006 -1.8600006 -0.11000061 -0.8699951 -1.3100128 -0.6599884 1.3300018 0.19999695 
1363579476 -86.0 -51.570007 -32.41999 -0.59000397 -0.05999756 0.76000214 -0.25 -0.2400055 0.05000305 0.34999847 -0.94000244 0.25 0.48000336 0.19000244 -0.9200058 0.19000244 0.40000153 
1363581783 93.0 -7.619995 -2.5900116 -1.7399902 0.41000366 0.05999756 -2.550003 0.6199951 0.66000366 -0.5200043 0.33000183 -1.5099945 -1.0599976 -0.13999939 -1.1000061 1.0599976 -1.6900024 
1363582391 -80.0 -42.789993 0.5799866 0.3400116 -0.33000183 1.1799927 -1.3899994 1.5 -0.45999146 -0.9600067 1.050003 -1.3699951 0.2999878 0.2000122 -0.40000916 1.1500092 -1.75 
1363585847 95.0 341.14 -665.87 -4.800003 -4.0099945 -0.55000305 -4.119995 1.6399994 -0.22000122 0.44999695 -1.7400055 0.17001343 -1.6000061 0.8600006 -0.33999634 -0.30999756 -0.16000366 
1363585848 -442.0 -665.87 -4.800003 -4.0099945 -0.55000305 -4.119995 1.6399994 -0.22000122 0.44999695 -1.7400055 0.17001343 -1.6000061 0.8600006 -0.33999634 -0.30999756 -0.16000366 -1.5800018 
1363586441 -83.0 -34.300003 1.1199951 -0.76999664 0.010002136 0.36999512 -0.6499939 1.1499939 -1.2699966 0.5400009 0.23999786 1.7300034 0.9700012 -1.4200058 0.6500015 0.15000153 -0.8199997 
1363590008 94.0 126.17996 0.0 -21.329956 0.0 -2.8600159 0.0 1.7999878 -2.0499878 -0.98999023 3.0699768 13.380005 -1.0 -2.709961 -4.180023 -3.149994 -15.590027 
1363590010 -358.0 -21.329956 0.0 -2.8600159 0.0 1.7999878 -2.0499878 -0.98999023 3.0699768 13.380005 -1.0 -2.709961 -4.180023 -3.149994 -15.590027 -1.6699829 0.1499939 
1363592777 -85.0 -79.009995 0.34999084 -0.84999084 -0.08000183 -0.13000488 -0.08000183 0.47999573 0.02999878 0.11000061 -0.2599945 -0.41000366 0.7000122 -0.9700012 0.20999146 0.43000793 0.4099884 
1363595194 94.0 -5.6099854 -0.980011 -1.5099792 0.789978 -1.8199768 -2.3099976 0.02999878 1.2799988 -1.210022 -0.9199829 1.7399902 -0.480011 1565.5701 917.4 -19.73999 -5.5300293 
1363595808 -82.0 -64.13002 -18.419998 0.76000977 -0.23001099 -0.7899933 0.33000183 0.7599945 -1.7799988 0.47999573 1.0400085 -1.0700073 0.010009766 0.7200012 -0.7700043 0.70999146 0.8600006 
1363597905 92.0 -29.23999 -1.6300049 -2.5099792 -1.5200195 -2.0899963 -0.41000366 0.8000183 -1.0400085 2.1999817 -6.73999 -3.769989 1.2999878 -1.7900085 1.1000061 -1.9199829 -0.8100128 
1363600730 -79.0 -41.479996 -0.38000488 0.44999695 0.18000793 0.13999939 -0.42001343 -0.1599884 -0.44000244 0.099990845 0.6700134 -0.54000854 0.43000793 -0.38000488 0.58000183 0.13000488 0.18998718 
1363602947 252.0 100.57001 0.5700073 -2.3099976 1.019989 0.040008545 -1.460022 1.5599976 -0.40997314 -1.4500122 2.5799866 0.040008545 -2.419983 0.5299988 -1.4900208 -0.8999939 2.2200012 
1363602947 130.0 100.57001 0.5700073 -2.3099976 1.019989 0.040008545 -1.460022 1.5599976 -0.40997314 -1.4500122 2.5799866 0.040008545 -2.419983 0.5299988 -1.4900208 -0.8999939 2.2200012 
1363603521 -251.0 -108.0 0.6799927 -0.30999756 -0.54000854 0.15000916 0.13000488 0.34999084 0.010009766 -0.54000854 0.2599945 0.13000488 0.32000732 0.75 -1.6300049 0.2400055 0.1599884 
1363604451 120.0 -7.1099854 -4.5200195 -2.9700012 -2.5299988 -1.4199829 -1.0500183 -0.6999817 -0.710022 -0.5799866 -0.7000122 -1.6199951 -1.3999939 -0.7999878 -0.6500244 0.31002808 -0.99002075 
1363606141 -81.0 -68.51001 -11.829987 -0.98999023 0.8699951 1.7099915 -0.8300171 -1.2999878 -0.7200012 0.55999756 0.9499817 -3.1399841 -1.3499756 -0.44000244 -0.80999756 1.7200012 1.9099731 
1363607949 90.0 -5.4299927 -2.5700073 -1.5700073 -2.8200073 2.3000183 3.519989 -2.2399902 0.5299988 -0.58999634 -3.3200073 0.47000122 1.0599976 -1.3099976 1.4599915 0.5299988 -1.6300049 
1363607948 -363.0 -40.570007 -5.4299927 -2.5700073 -1.5700073 -2.8200073 2.3000183 3.519989 -2.2399902 0.5299988 -0.58999634 -3.3200073 0.47000122 1.0599976 -1.3099976 1.4599915 0.5299988 
1363612118 -77.0 -65.16 -0.44999695 0.4600067 -0.79000854 0.020004272 0.020004272 0.7299957 0.6199951 -0.16999817 -0.58000183 0.060012817 0.12998962 0.30000305 -0.58000183 -0.6499939 0.0 
1363614665 92.0 -7.599991 -3.9799957 1.199997 0.6100006 -2.980011 -0.36999512 0.25 -1.3999939 1.769989 -0.44999695 -1.3999939 -0.44999695 -0.7000122 -0.11000061 -0.12998962 0.94000244 
1363615276 -81.0 -60.79001 -1.8600006 1.0200043 -0.26000977 0.020004272 -0.44000244 1.4500122 -0.9500122 0.6100006 0.5200043 -1.5 0.22999573 0.91000366 -1.5699921 1.519989 0.26000977 
1363618617 94.0 430.93997 338.78003 -656.26 -7.73999 -3.3000183 -0.63998413 0.5299988 -1.75 1.8899841 0.15002441 -3.480011 -0.61001587 0.34002686 1.5499878 -2.2799988 -0.02999878 
1363618619 -1598.0 -656.26 -7.73999 -3.3000183 -0.63998413 0.5299988 -1.75 1.8899841 0.15002441 -3.480011 -0.61001587 0.34002686 1.5499878 -2.2799988 -0.02999878 0.10998535 -0.4499817 
1363619222 -83.0 -79.67 -2.5999908 0.47999573 -1.4600067 1.6400146 -1.4600067 -0.5700073 0.8700104 -0.5200043 1.1100006 -0.38000488 -1.1699982 0.55000305 -1.5099945 2.7799988 -0.27999878 
1363619819 81.0 -213.5 -4.350006 -4.48999 -1.9900208 0.14001465 -0.32000732 1.5700073 0.1499939 -0.80999756 -0.19000244 1.5100098 -2.0400085 -0.010009766 0.010009766 0.26000977 -1.2000122 
1363622347 -78.0 -56.52997 -2.0499878 1.1099854 0.2000122 -1.9000244 2.3400269 -3.4900513 4.01001 -4.0199585 4.839966 -4.26001 4.3099976 -3.789978 4.0 -3.539978 3.169983 
1363624397 98.0 -11.440002 3.960022 -2.420044 -5.380005 -2.7299805 4.2800293 -2.1400146 -1.3699951 -0.6799927 4.0 -2.080017 0.38000488 -3.3900146 1.539978 -3.539978 -1.6699829 
1363624397 -338.0 -11.440002 3.960022 -2.420044 -5.380005 -2.7299805 4.2800293 -2.1400146 -1.3699951 -0.6799927 4.0 -2.080017 0.38000488 -3.3900146 1.539978 -3.539978 -1.6699829 
1363625114 -82.0 -61.200012 -17.75 -2.829956 0.6999512 -0.8699951 -1.7199707 1.5899658 -1.9400024 0.020019531 1.1699829 0.2800293 -1.1799927 1.9599609 1.7300415 1.9500122 -0.9300537 
1363628131 95.0 -5.5 1.0700073 -3.5200195 -2.419983 -0.6199951 3.0 -2.869995 -1.3300171 3.869995 -0.5 -2.3099976 0.75 -1.2000122 -2.9799805 1.6499634 1.0700073 
1363628754 -83.0 -70.880005 -0.5800171 -1.6199951 2.1900024 0.8800049 -1.5100098 -0.69000244 0.7000122 1.7299805 -0.7999878 -0.6799927 1.2099609 2.8400269 -2.8499756 -2.3600464 -0.13995361 
1363629351 87.0 -38.289993 -3.4600067 -4.5399933 -0.05999756 0.47999573 -2.7200012 2.4400024 -2.0200043 -0.08000183 0.75 -1.5800018 0.6000061 -2.050003 0.69000244 -0.7400055 0.9600067 
1363629351 -253.0 -38.289993 -3.4600067 -4.5399933 -0.05999756 0.47999573 -2.7200012 2.4400024 -2.0200043 -0.08000183 0.75 -1.5800018 0.6000061 -2.050003 0.69000244 -0.7400055 0.9600067 
1363632438 -76.0 -70.40997 -2.769989 1.5099792 0.22000122 -1.269989 1.6600037 -1.6499939 0.36999512 2.419983 -3.0 -0.75 3.630005 -4.470001 1.230011 1.7000122 -2.3400269 
1363634908 93.0 -103.380005 -1.5799866 -4.8399963 0.6000061 -1.9100037 -3.3000183 1.0500183 -2.3600159 3.5599976 -1.3499756 -0.6300049 1.0299988 -2.710022 0.39001465 -0.010009766 -1.6600037 
1363635511 -81.0 -67.53 0.480011 1.1799927 -1.019989 0.25997925 0.94000244 0.22000122 -0.6300049 -0.769989 0.08999634 1.6199951 0.42001343 -1.5599976 -0.3999939 0.88998413 0.1499939 
1363638815 95.0 -136.71997 -428.08002 -4.7099915 -3.850006 -1.9700012 2.1600037 -4.3299866 3.0899963 -0.23999023 -1.8400269 1.2000122 -3.9400024 0.17999268 1.1199951 -1.1799927 0.6000061 
1363639417 -81.0 -41.840004 0.51999664 0.6100006 -1.3199997 0.76000214 0.19999695 -0.29999542 0.27999878 -0.3199997 0.7999954 -0.3899994 -0.8199997 0.73000336 0.45999908 0.22000122 -0.8800049 
1363640423 88.0 -17.620026 -3.9299927 -0.269989 -2.9400024 0.32998657 -1.7200012 -1.269989 1.0799866 1.6100159 0.35998535 -2.2200012 -0.73999023 0.08999634 1.0299988 -0.63998413 -1.0899963 
1363642764 -87.0 -41.070007 -3.1599731 1.3499756 1.7000122 -2.4000244 0.39001465 3.7299805 -4.3899536 -0.44000244 2.669983 -2.330017 -1.329956 2.2699585 -1.2799683 -2.0300293 0.5300293 
1363645201 95.0 7.4300537 -2.920044 -10.809998 -0.75997925 5.169983 1.6499939 -2.3899841 4.6299744 3.6400146 -4.5 -6.919983 1.5400085 5.179962 -2.2599792 -6.149994 1.3500061 
1363645812 -82.0 -60.72 0.05001831 -2.1500244 0.7799988 1.1300049 0.5299988 -2.119995 0.29000854 1.269989 0.05999756 -1.1399841 0.3199768 1.4900208 -5.51001 0.75 1.0400085 
1363649177 96.0 -12.570007 -2.4899902 -1.8600006 -0.79000854 -0.05999756 -1.3999939 0.7200012 0.0 -0.75 -1.6699982 0.31999207 0.68000793 -0.58000183 -1.6200104 -1.3399963 0.54000854 
1363649772 -82.0 -76.62001 -5.25 0.44000244 0.5699997 -0.91999817 0.16999817 0.25 0.34000397 -0.020004272 -0.55999756 -0.37999725 0.48999786 0.27999878 -0.5999985 0.040000916 0.19999695 
1363650528 87.0 -43.020004 -2.7599945 -4.8099976 -2.5599976 1.0800018 -0.05000305 -1.4100037 0.11000061 0.13000488 1.2999878 -1.0099945 -0.17999268 0.70999146 -1.6499939 -0.27999878 0.30999756 
1363650528 -238.0 -43.020004 -2.7599945 -4.8099976 -2.5599976 1.0800018 -0.05000305 -1.4100037 0.11000061 0.13000488 1.2999878 -1.0099945 -0.17999268 0.70999146 -1.6499939 -0.27999878 0.30999756 
1363652600 -86.0 -65.28999 -0.5700073 0.8400116 -0.16000366 -0.5200043 0.3500061 0.34999084 -0.81999207 0.05000305 0.94999695 -1.5 0.3600006 0.12998962 0.55000305 -0.7799988 0.54000854 
1363655029 93.0 -10.279999 -3.1399994 -1.2799988 0.05999756 0.69999695 -1.1699982 -1.1500092 -0.80999756 0.40000916 -0.47000122 -0.38000488 0.58000183 -0.30999756 -1.8899994 -1.0100098 0.23001099 
1363655029 -176.0 -10.279999 -3.1399994 -1.2799988 0.05999756 0.69999695 -1.1699982 -1.1500092 -0.80999756 0.40000916 -0.47000122 -0.38000488 0.58000183 -0.30999756 -1.8899994 -1.0100098 0.23001099 
1363655636 -81.0 -72.14 -0.13999939 0.040000916 0.37000275 0.22000122 -0.4600067 0.0 -0.02999878 0.15000153 0.05999756 -0.22999573 0.80999756 -0.9599991 0.3600006 -0.19000244 0.09000397 
1363655935 248.0 13.019989 0.020019531 0.47000122 0.1499939 0.27999878 -0.8999939 -0.3000183 0.24002075 0.5799866 0.010009766 -0.5299988 -0.45999146 -0.13000488 0.5299988 0.35998535 0.11001587 
1363655934 140.0 235.98999 13.019989 0.020019531 0.47000122 0.1499939 0.27999878 -0.8999939 -0.3000183 0.24002075 0.5799866 0.010009766 -0.5299988 -0.45999146 -0.13000488 0.5299988 0.35998535 
1363656596 -250.0 -39.810005 -0.12999725 -0.20999908 0.049995422 0.34000397 0.5699997 -0.3899994 -0.3899994 0.4399948 0.0 -0.30999756 0.0 0.22000122 0.0 0.47999573 0.0 
1363656595 -184.0 -211.52998 -39.810005 -0.12999725 -0.20999908 0.049995422 0.34000397 0.5699997 -0.3899994 -0.3899994 0.4399948 0.0 -0.30999756 0.0 0.22000122 0.0 0.47999573 
1363657438 97.0 -6.6299744 -4.7100067 -4.01001 -1.9700012 -3.569992 -2.119995 -1.1700134 -1.2599945 -3.0299988 -1.1900024 -0.91999817 -3.7299957 -1.6600037 -2.5399933 -4.0200043 -3.6500092 
1363658952 -80.0 -41.84999 -0.45000458 0.1800003 0.010002136 -0.02999878 0.98999786 -1.3399963 0.3299942 -0.069999695 0.4900055 -0.15000153 -0.33000183 -0.16999817 0.3199997 0.25 -0.38000488 
1363661980 95.0 -21.089996 -3.3600159 -2.2200012 0.21000671 -3.7799988 1.2099915 0.9600067 -0.94000244 0.5200043 -1.5299988 0.6100006 -2.3700104 0.19000244 -0.02999878 -0.2599945 0.83999634 
1363664275 -83.0 -62.309998 -19.590004 0.20999908 0.22000122 0.11000061 0.23000336 -0.5200043 -0.22000122 0.33000183 0.5699997 -0.55000305 -0.41999817 0.45999908 -0.08999634 0.66999817 -1.0199966 
1363667046 94.0 -5.299988 -3.0400085 -2.899994 -0.30000305 -0.8800049 1.1100006 -0.269989 -1.5700073 0.33999634 1.5100098 0.17999268 -1.0699921 -1.4100037 -0.7200012 1.1100006 -1.0299988 
1363667648 -81.0 -72.38 -7.9000015 0.020004272 0.1499939 0.33000183 -0.34999847 0.02999878 0.1800003 1.2200012 -1.9300003 0.3199997 0.15000153 0.58999634 -0.55999756 0.30999756 -0.23999786 
1363671007 94.0 627.88 -34.130005 -482.18 -8.360016 -2.4100037 0.08001709 -2.7000122 -0.269989 0.41000366 -2.380005 -0.6300049 -0.13000488 -3.0 0.010009766 1.1399841 -2.1600037 
1363671009 -580.0 -482.18 -8.360016 -2.4100037 0.08001709 -2.7000122 -0.269989 0.41000366 -2.380005 -0.6300049 -0.13000488 -3.0 0.010009766 1.1399841 -2.1600037 0.070007324 -0.040008545 
1363671603 -72.0 -72.36 -7.919998 -0.44000244 0.2599945 0.7400055 -0.5700073 -0.30000305 0.6200104 0.69999695 -1.2299957 0.17999268 0.8200073 -0.9900055 -0.05999756 0.5200043 -0.010009766 
1363674018 93.0 -7.8299866 -3.6700134 -1.3199921 -0.8800049 -1.0099945 0.9799957 -0.83000183 -0.48999023 0.27999878 -0.7400055 -1.0200043 -0.6499939 -0.55999756 -0.8600006 -0.91000366 -0.36999512 
1363676287 -82.0 -54.579987 0.13999939 -0.3899994 0.19999695 0.69999695 -0.8899994 0.13999939 -0.11999512 -0.27000427 0.34999084 0.17001343 -0.08000183 -0.020004272 0.009994507 0.010009766 -0.3600006 
1363679142 93.0 7.720215 -10.169922 -16.580078 2.5898438 9.330078 -9.780273 -12.52002 20.740234 17.54004 -0.54003906 -5.430176 15.92041 8.519531 -15.589844 2.9501953 16.870117 
1363679742 -83.0 -68.24997 0.95999146 0.32998657 -0.28997803 -0.6700134 0.48999023 0.80999756 -2.2099915 -1.2799988 2.4899902 -6.0 -2.7599792 -1.8300171 -0.6199951 -0.5299988 0.040008545 
1363680912 89.0 1094.93 -987.77 -9.859985 -0.51000977 0.6799927 -1.6099854 -0.75 -2.0 -1.1100464 0.26000977 0.4500122 -5.8499756 -2.1500244 1.4400024 0.9299927 -0.099975586 
1363680913 -1658.0 -987.77 -9.859985 -0.51000977 0.6799927 -1.6099854 -0.75 -2.0 -1.1100464 0.26000977 0.4500122 -5.8499756 -2.1500244 1.4400024 0.9299927 -0.099975586 -1.7800293 
1363683544 -79.0 -50.380127 -4.0598145 10.040039 6.669922 -7.380127 4.2299805 9.25 -6.789795 -8.73999 9.619873 -4.3200684 -4.159912 14.25 -4.550049 -0.8000488 11.6501465 
1363686131 93.0 -13.659973 -4.2900085 -1.75 1.6699829 -3.2299805 -1.5299988 1.5699768 1.1300049 -0.97998047 -1.8500061 0.19000244 -0.5500183 0.86001587 -1.9700012 -0.1000061 0.8500061 
1363686730 -82.0 -73.94998 -6.700012 -0.48999023 0.13998413 1.4300232 -0.070007324 -0.11001587 0.05999756 -0.88998413 0.23999023 0.02999878 0.26000977 0.6700134 -0.75 1.0299988 -0.010009766 
1363689555 94.0 -6.1600037 -0.85998535 -0.69000244 -1.730011 -0.5799866 1.1999817 0.54000854 -1.2600098 -0.5299988 0.33999634 -1.2599792 -0.730011 0.2000122 1.1399841 -2.0499878 -1.0200195 
1363693904 -78.0 -55.03 -1.699997 3.0599976 -2.350006 1.8900146 -1.8100128 1.1000061 -1.8399963 1.2099915 -0.80999756 1.2599945 0.23001099 -0.4600067 1.3899994 -1.7899933 1.2899933 
1363696652 92.0 -5.880005 -3.75 0.0 0.79000854 -1.2400055 -1.4700012 -1.5 -0.42999268 0.80000305 -0.44000244 -0.37001038 -0.94999695 -0.44000244 -0.18998718 0.099990845 0.02999878 
1363697261 -81.0 -35.960007 0.94000244 -1.3700027 0.7799988 -0.18999481 -0.09000397 0.9700012 -1.0800018 0.55000305 -0.5400009 0.37999725 -0.18999481 0.069999695 0.83000183 -1.2300034 1.2900009 
1363700557 97.0 -18.360016 -2.4499817 -3.5299988 -2.6900024 1.1999817 0.23001099 0.48999023 -1.1499939 -0.72998047 0.98999023 -0.66000366 -1.4599915 -0.42001343 0.3999939 0.75 -1.8699951 
1363700557 -118.0 -18.360016 -2.4499817 -3.5299988 -2.6900024 1.1999817 0.23001099 0.48999023 -1.1499939 -0.72998047 0.98999023 -0.66000366 -1.4599915 -0.42001343 0.3999939 0.75 -1.8699951 
1363702939 -86.0 -62.690002 -23.609985 0.05999756 -2.0700073 -1.460022 0.2000122 -1.3300171 -0.8499756 0.82995605 0.77001953 -0.26000977 0.19000244 -0.039978027 3.1799927 -0.90997314 -0.11999512 
1363705320 93.0 -37.320007 -2.600006 -0.73999023 0.010009766 -2.830017 -0.48999023 0.010009766 -1.5900116 -0.59999084 1.2999878 0.38000488 -1.4700012 0.5 0.18000793 -1.8600006 -1.0 
1363705319 -702.0 -938.14 -37.320007 -2.600006 -0.73999023 0.010009766 -2.830017 -0.48999023 0.010009766 -1.5900116 -0.59999084 1.2999878 0.38000488 -1.4700012 0.5 0.18000793 -1.8600006 
1363705929 -82.0 -79.060005 0.7200012 0.58000183 -1.1700058 0.4200058 -0.6800003 0.11999512 -0.0799942 -0.060005188 -0.02999878 0.20999908 0.38000488 -0.5699997 0.25 0.13999939 0.3299942 
1363708681 249.0 169.55002 83.00998 -1.2200012 3.7600098 -2.1100159 1.7799988 -0.05999756 -2.289978 2.7799988 -2.730011 1.8999939 0.41000366 -2.1999817 3.0599976 -3.5400085 1.6799927 
1363708682 37.0 83.00998 -1.2200012 3.7600098 -2.1100159 1.7799988 -0.05999756 -2.289978 2.7799988 -2.730011 1.8999939 0.41000366 -2.1999817 3.0599976 -3.5400085 1.6799927 0.5800171 
1363709221 -248.0 -116.02998 -0.41000366 -0.05000305 1.2000122 0.5799866 -2.149994 -0.21000671 0.010009766 0.6499939 0.47000122 -1.3899994 0.3899994 -0.41000366 0.120010376 -0.11000061 -0.480011 
1363710182 94.0 642.04004 -11.369995 -462.73 -5.0700073 -2.350006 -5.6999817 -4.149994 -2.5200195 -1.9199829 -2.3099976 -4.529999 -2.3600159 -1.980011 -1.4899902 -1.4400024 -2.8399963 
1363710184 -312.0 -462.73 -5.0700073 -2.350006 -5.6999817 -4.149994 -2.5200195 -1.9199829 -2.3099976 -4.529999 -2.3600159 -1.980011 -1.4899902 -1.4400024 -2.8399963 -2.3599854 -2.880005 
1363713535 -81.0 -72.009995 -8.700012 1.2700043 -0.69999695 -0.58999634 1.4700012 -0.480011 0.15000916 0.91999817 -1.1600037 0.42999268 0.21000671 -1.5699921 0.34999084 0.8899994 -1.5200043 
1363716567 80.0 -11.439941 -11.530029 -4.1101074 3.4401855 0.5 -6.4699707 -4.620117 0.63012695 -3.8601074 -5.330078 10.170166 -4.4501953 -4.069824 -3.4799805 4.5300293 1.1799316 
1363719738 -87.0 -50.680054 0.0 4.01001 -3.209961 -0.6100464 3.4900513 -0.3300171 0.72998047 3.210022 -2.9500122 0.30999756 -0.2000122 1.4899902 -0.75 3.8900146 -1.4400024 
1363721754 96.0 -13.47998 -3.8400269 2.0200195 -3.2000122 -0.9700012 0.76000977 -1.1900024 -1.269989 1.5899963 1.7099915 -1.1000061 -1.4899902 -0.7799988 -0.7200012 -1.2999878 -0.02999878 
1363722407 -81.0 -48.850006 -0.1499939 -0.16999817 -0.7400055 -0.58000183 0.41000366 -0.3500061 0.040008545 0.48999023 -0.4099884 0.3600006 0.039993286 0.2599945 0.0 1.800003 0.05999756 
1363725406 94.0 -23.560013 -2.380005 -1.7599945 -3.6699982 1.9199982 -1.3899994 -0.010009766 0.25 -0.19999695 -2.9700012 1.5200043 0.1000061 -1.3700104 -0.70999146 0.3899994 -1.3899994 
1363725406 57.0 -23.560013 -2.380005 -1.7599945 -3.6699982 1.9199982 -1.3899994 -0.010009766 0.25 -0.19999695 -2.9700012 1.5200043 0.1000061 -1.3700104 -0.70999146 0.3899994 -1.3899994 
1363726023 -82.0 -76.229996 -4.9400024 -0.16000366 -1.5699921 1.0699921 0.44000244 -1.050003 0.5900116 0.23999023 -1.3499908 0.41999817 0.08000183 0.66000366 0.5299988 -1.4000092 0.7799988 
1363727139 89.0 -7.0 -0.7000122 -1.25 -0.36001587 1.5900269 -3.9000244 2.710022 0.019989014 -2.7399902 1.9899902 -1.9500122 1.1700134 0.2000122 -1.9100037 1.6900024 -2.1100159 
1363729568 -87.0 -55.859985 -25.770004 -3.9700012 -0.44999695 -0.16999817 0.039993286 0.30999756 -0.18998718 0.02999878 -0.2400055 0.040008545 -0.070007324 0.25 -0.070007324 0.040008545 -0.08000183 
1363731854 92.0 -5.4100037 -1.5599976 0.2000122 1.019989 -2.3099976 0.980011 0.1000061 -1.8500061 -1.1600037 0.5 -0.5 -1.2399902 -0.4000244 0.3000183 -1.1100159 -1.4299927 
1363732478 -81.0 -55.33 -0.7200012 -0.099990845 -0.040008545 -0.020004272 0.16000366 0.9900055 -0.79000854 -0.07998657 -0.060012817 0.18000793 0.38000488 -0.27000427 -0.5700073 0.480011 -0.28001404 
1363735704 94.0 -36.42 -2.1100006 -4.580002 -0.8999939 1.2100067 -2.3700104 0.980011 -0.030014038 -1.0499878 0.19999695 -1.0100098 0.26000977 0.33999634 -1.8500061 -0.73999023 0.33999634 
1363736307 -82.0 -55.25 0.099998474 -0.15000153 0.66999817 -0.47000122 -0.35999298 0.6800003 -0.3100052 0.58000183 -1.2099991 0.22999573 0.29000092 0.12000275 0.12999725 -0.41999817 0.12999725 
1363737657 90.0 -7.4400024 -3.4700012 0.13000488 -3.1399994 2.2799988 0.11999512 -0.66000366 -1.3999939 -1.1699982 -1.550003 0.36999512 -0.19000244 -0.55999756 0.3600006 0.66000366 -1.4900055 
1363739728 -85.0 -81.20999 -0.020004272 0.23000336 0.3600006 0.08000183 0.3899994 0.049995422 -0.9799957 0.29000092 -0.08000183 0.29000092 0.069999695 0.30999756 -0.62999725 -0.05000305 0.12000275 
1363741806 94.0 -18.039993 -3.1500092 -4.23999 0.3899994 0.70999146 -0.73999023 -0.83000183 -0.30999756 -1.1700134 -0.12998962 0.56999207 -1.0699921 -0.8700104 -0.11999512 0.02999878 -0.36999512 
1363742422 -82.0 -36.589996 -0.47000122 0.25 0.7799988 -1.109993 0.11999512 0.73000336 -1.0100021 -0.11000061 1.0200043 -0.22000122 -0.80000305 0.66000366 0.13999939 -0.5699997 0.069999695 
1363745706 95.0 -18.230011 -3.6299896 -2.0200043 -0.90000916 0.5600128 -1.9900055 0.27000427 0.33999634 -0.94999695 -1.3800049 0.9700012 -0.3500061 -0.8600006 0.040008545 -0.5299988 -1.1300049 
1363746300 -82.0 -41.929993 1.2099991 -0.3199997 -0.08000183 0.33000183 0.16999817 -0.4300003 -0.69999695 -0.3899994 0.22000122 0.040000916 0.6499939 -0.8699951 0.13999939 -0.15000153 -0.05000305 
1363749267 94.0 -21.700012 -2.5999908 -3.0900116 -0.2899933 -0.8500061 1.4600067 -1.8699951 -0.25 -0.41000366 -1.8099976 -0.13999939 0.019989014 -0.33999634 -0.22000122 0.010009766 -0.30000305 
1363751588 -82.0 -74.310005 0.25 -0.5400009 0.33000183 1.0599976 -1.0399933 0.099998474 0.6500015 -0.890007 0.060005188 0.7599945 -0.8199997 0.38000488 0.010002136 -0.4200058 1.1100006 
1363754520 93.0 -283.90997 -4.6399994 -1.9700012 -2.0899963 -1.699997 0.18998718 -1.0699921 -0.13000488 0.27999878 0.41999817 -0.6799927 -0.8200073 -0.6399994 0.8800049 -1.6799927 -0.22000122 
1363754520 -184.0 -283.90997 -4.6399994 -1.9700012 -2.0899963 -1.699997 0.18998718 -1.0699921 -0.13000488 0.27999878 0.41999817 -0.6799927 -0.8200073 -0.6399994 0.8800049 -1.6799927 -0.22000122 
1363755123 -82.0 -53.1 -0.5699997 -0.58999634 -1.2700043 0.22000122 -0.049995422 -0.3100052 0.20000458 -0.020004272 0.44000244 0.5400009 -1.0599976 0.069999695 0.039993286 0.26000214 -0.1800003 
1363758440 94.0 -72.0 -2.7200012 -2.9100037 -2.880005 0.8100128 -1.4200134 1.0800018 0.020004272 -2.819992 -0.16000366 2.0 -1.9199982 -0.19000244 -0.05999756 -1.0800018 0.22000122 
1363758440 -46.0 -72.0 -2.7200012 -2.9100037 -2.880005 0.8100128 -1.4200134 1.0800018 0.020004272 -2.819992 -0.16000366 2.0 -1.9199982 -0.19000244 -0.05999756 -1.0800018 0.22000122 
1363759036 -82.0 -51.589996 -30.160004 0.8800049 -0.6200104 -0.13999939 1.7100067 -0.7799988 0.7599945 1.4799957 -1.3199921 0.91999817 -0.25 -0.05000305 1.3399963 -0.5799866 0.8999939 
1363760995 92.0 -8.589996 -1.0700073 -2.6900024 -0.3600006 -1.8499908 0.91000366 1.6100006 0.0 -1.3300018 -1.0100098 -1.8499908 -0.7200012 0.0 0.099990845 -0.8799896 -0.33000183 
1363763300 -87.0 -40.27002 -0.3199768 -0.37002563 -0.13998413 0.75 0.049987793 -0.50997925 -0.38000488 -0.11999512 0.19998169 -0.25 0.58999634 -0.16998291 0.19998169 -0.55999756 -0.039978027 
1363763591 251.0 219.28003 40.549805 6.930176 1.0400391 4.129883 -0.5800781 -11.209961 1.6000977 2.619873 -3.7399902 -4.209961 3.130127 4.5998535 -2.5700684 -4.9799805 2.8000488 
1363764217 -250.0 -106.380005 0.02999878 -0.23001099 -0.6699829 -0.48999023 0.70999146 0.44000244 -0.39001465 0.29000854 0.27999878 0.17001343 0.5499878 -2.2600098 -0.16998291 -0.3000183 0.55999756 
1363765092 116.0 644.03 -65.47003 -426.61 -8.460022 -3.419983 -2.25 -1.0299988 -0.8199768 -3.2400208 -2.5499878 -0.58999634 0.50997925 0.040008545 -1.6300049 -2.0099792 -1.7799988 
1363765094 -1628.0 -426.61 -8.460022 -3.419983 -2.25 -1.0299988 -0.8199768 -3.2400208 -2.5499878 -0.58999634 0.50997925 0.040008545 -1.6300049 -2.0099792 -1.7799988 0.25 -0.26000977 
1363766702 -81.0 -68.100006 -13.139984 1.3599854 0.5499878 -2.1299744 0.60998535 0.47000122 -0.4500122 -1.1299744 0.019989014 0.20999146 -0.94000244 1.3300171 -0.6799927 1.0099792 -1.7399902 
1363768277 91.0 -7.01001 -2.6399841 -1.7399902 -1.6600037 -1.5500183 -0.3999939 0.3000183 -0.51000977 0.7999878 -0.4199829 -0.05001831 -1.1699829 -0.7000122 -1.0100098 4.6500244 20.410004 
1363770810 -82.0 -66.66 4.48999 -1.1700134 -4.549988 0.6799927 -0.6999817 1.6099854 -1.3200073 1.1100159 -1.4599915 1.9599915 2.850006 -5.76001 4.350006 3.0 -0.5299988 
1363773296 94.0 -5.880005 0.95999146 -0.38000488 -1.1399841 2.169983 -0.19000244 -1.3999939 -2.899994 2.4500122 15.529999 -18.649994 -0.31002808 6.350006 -8.059998 -0.6999817 1.539978 
1363773910 -82.0 -64.25 2.330017 -2.4599915 1.6499939 -1.8800049 1.5799866 -3.3599854 2.3200073 -3.9400024 2.5799866 -2.5599976 1.6300049 -1.7600098 0.8200073 -4.369995 4.769989 
1363777236 94.0 11.180023 -19.75 13.389984 -0.07998657 -1.6000061 -1.1499939 -1.5200195 -1.3299866 -0.08999634 -1.0899963 -0.42999268 0.70999146 -1.75 -0.6300049 0.6700134 -2.2600098 
1363777237 -158.0 -19.75 13.389984 -0.07998657 -1.6000061 -1.1499939 -1.5200195 -1.3299866 -0.08999634 -1.0899963 -0.42999268 0.70999146 -1.75 -0.6300049 0.6700134 -2.2600098 -0.1000061 
1363780189 -76.0 -52.619995 -25.269989 0.58999634 -0.9300232 25.450012 -3.3200073 5.4200134 -1.7099915 -1.2799988 -3.1800232 -0.7999878 -1.1700134 3.8399963 -3.689972 0.28997803 1.6799927 
1363782792 95.0 10.459961 -0.2999878 -3.9000244 3.170044 -3.3400269 -2.3399658 0.75 -0.69000244 -1.3600464 2.6799927 0.05999756 -4.0599976 2.1000366 0.6300049 -4.580017 0.9000244 
1363783402 -82.0 -44.130005 -0.070007324 2.480011 -2.4400024 2.9400024 -2.9100037 2.649994 -5.350006 2.6600037 -2.5100098 0.54000854 1.1100159 -3.130005 3.4400024 -2.8200073 1.5899963 
1363784408 96.0 -9.470001 -4.220001 -2.5200043 0.9200134 -1.5900116 -0.8899994 -0.44000244 0.7200012 0.9700012 -0.91000366 0.08000183 -1.019989 0.4099884 -0.25 -0.9299927 0.02999878 
1363786856 -83.0 -73.78 0.13000488 -0.15000153 -0.26999664 0.3199997 -0.05000305 0.44999695 -0.5799942 -0.08000183 0.22000122 0.5699997 0.02999878 -0.62000275 -0.009994507 0.36999512 0.5699997 
1363789384 96.0 -5.930023 -4.0899963 -1.6499939 -0.13998413 0.23999023 -0.9500122 0.710022 -0.8200073 -0.8300171 0.010009766 -0.480011 0.26000977 0.36001587 -1.4000244 -1.0699768 -0.4300232 
1363790063 -84.0 -66.55 0.4300003 -0.25 0.5999985 0.76999664 -1.2299957 -0.44000244 0.16000366 -0.040000916 0.26999664 -0.65999603 -0.26000214 0.75 0.40999603 -0.6499939 0.11999512 
1363792924 96.0 -9.779999 -4.7500153 -0.099990845 1.0999908 -2.0099945 0.45999146 -2.2899933 -1.4299927 1.6799927 -1.0699921 0.6299896 -0.37998962 -1.5400085 0.44000244 -1.4700012 -0.8200073 
1363795402 -87.0 -73.52 -0.4300003 0.66999817 -0.83000183 0.58000183 1.0299988 -1.7600021 0.9000015 0.05999756 -0.62999725 0.73000336 -0.38000488 -0.3899994 0.84000397 -0.7900009 0.29000092 
1363797266 95.0 -9.779999 -3.619995 -3.3200073 0.020004272 0.3600006 -1.2200012 -0.8899994 1.449997 -0.47999573 -0.08999634 -1.980011 -0.25 -0.47000122 0.2000122 -0.16000366 -0.13999939 
1363797931 -83.0 -39.899994 -0.19999695 0.2899933 -0.13000488 0.66000366 -1.1100006 -0.16999817 -0.05999756 -0.05000305 0.6199951 0.13000488 -0.2599945 -0.9500122 0.2000122 0.17999268 0.27999878 
1363800883 95.0 -12.740021 -4.7099915 1.3600006 -0.7599945 -2.0 1.1399994 -0.31001282 -2.2200012 -1.7099915 1.0200043 0.5299988 -0.6000061 1.4900055 -2.730011 -0.48999023 0.2899933 
1363804386 -83.0 -69.099976 -12.350037 -0.6199951 -0.6699829 -0.9800415 -0.28997803 -0.23999023 0.21002197 0.5699463 -0.65997314 -1.4199829 -1.1799927 0.22998047 -0.099975586 0.7999878 0.51000977 
1363806833 93.0 -90.23001 -4.25 -4.51001 -0.43997192 0.3499756 0.25 -0.8199768 -0.9200134 -1.2600098 -0.97998047 1.539978 0.14001465 -0.20999146 -0.33999634 -0.1000061 -0.6499939 
1363807486 -83.0 -74.06 0.4199829 0.29000854 -1.019989 -0.8100128 1.300003 0.64001465 -0.9300232 -0.6199951 -0.45999146 -0.070007324 1.7099915 -0.9700012 -0.07998657 -0.21000671 1.2700043 
1363809741 94.0 11.2300415 -12.080017 -2.369995 -1.7200012 1.2900085 16.070007 -15.900024 -3.5 -0.47000122 1.5599976 3.7900085 -2.5700073 -0.08999634 0.980011 4.459961 6.2200317 
1363812272 -86.0 -70.26999 0.5499878 0.80999756 0.11001587 -0.58999634 -0.4300232 0.6000061 0.95999146 0.86001587 -0.6199951 -0.79000854 -0.30999756 0.6199951 0.08001709 3.2099915 16.690002 
1363814156 92.0 -8.169983 -3.039978 -1.0300293 2.4000244 -2.6799927 -0.98999023 0.8800049 -2.460022 -1.3499756 2.2699585 -0.33996582 -0.84002686 -1.9699707 0.70996094 -0.7199707 -149.82 
1363814801 -82.0 -85.42001 3.4599915 2.8900146 6.75 -7.98999 3.1900024 5.5899963 -15.140015 7.3900146 5.289978 -1.2399902 5.369995 0.52001953 -0.64001465 7.51001 5.5899963 
1363815617 245.0 20.48999 0.6800537 -4.1100464 -5.6399536 6.199951 5.340027 -0.35998535 8.469971 -13.709961 0.0 -2.0599976 0.0 1.2299805 0.0 -4.4299927 0.0 
1363815616 128.0 227.28998 20.48999 0.6800537 -4.1100464 -5.6399536 6.199951 5.340027 -0.35998535 8.469971 -13.709961 0.0 -2.0599976 0.0 1.2299805 0.0 -4.4299927 
1363816212 -240.0 -184.05997 -59.910004 6.3299866 -2.369995 -5.0400085 0.58999634 1.6000061 -3.2900085 1.6900024 2.7000122 1.730011 -0.6500244 1.3000183 4.5099792 -3.75 -6.869995 
1363817124 102.0 -5.1099854 -3.880005 -1.3099976 -0.23999023 0.5499878 9.330017 2.289978 -3.5 -19.089996 -5.889984 -3.2900085 -2.4400024 -0.6499939 -2.980011 -4.23999 -2.850006 
1363820855 -81.0 -61.809998 -22.040009 -1.7600098 -2.2799988 1.6400146 -0.74002075 0.070007324 0.6499939 -1.6300049 4.480011 9.700012 -1.480011 0.7999878 -12.059998 8.580017 1.0499878 
1363824214 92.0 -7.51001 -4.380005 -0.9500122 -0.85998535 -1.1900024 1.9299927 0.05001831 -2.6100159 -0.5299988 1.5700073 0.1499939 -0.54000854 -0.539978 0.17999268 -2.3399963 -0.1499939 
1363824214 -148.0 -7.51001 -4.380005 -0.9500122 -0.85998535 -1.1900024 1.9299927 0.05001831 -2.6100159 -0.5299988 1.5700073 0.1499939 -0.54000854 -0.539978 0.17999268 -2.3399963 -0.1499939 
1363824807 -83.0 -80.899994 -0.8500061 0.7100067 -0.11999512 -0.7700043 1.199997 -0.7299957 -0.30999756 1.019989 -0.91999817 0.0 0.69999695 0.0 -0.25 0.0 -0.099990845 
1363828052 95.0 -198.90002 -402.96997 -4.98999 -2.25 -2.2100067 0.2400055 -0.65000916 -1.199997 0.11000061 -0.20999146 -1.75 -1.4700012 -0.11000061 0.30999756 -0.55000305 -0.6399994 
1363830612 -83.0 -71.71001 -9.729996 -0.29000092 -0.3600006 0.019996643 0.020004272 0.55999756 -1.0699997 0.12000275 0.18999481 0.1800003 0.05999756 -0.02999878 -0.3600006 0.2800064 0.859993 
1363833297 93.0 -328.00998 -4.720001 -1.8800049 -2.0700073 -1.1300049 0.2800293 -0.13000488 -0.58999634 0.18997192 0.24002075 -1.7099915 1.1099854 1.0499878 -2.419983 0.4499817 -0.6699829 
1363833896 -82.0 -58.160004 0.02999878 0.29999542 0.7800064 -1.090004 0.040000916 0.16999817 -0.15000153 -0.069999695 -0.069999695 0.34000397 0.29999542 -0.76999664 0.7900009 -0.37000275 0.3100052 
1363837180 94.0 -627.07 0.0 -4.600006 0.0 -3.5999908 -2.5900116 1.5100098 -1.0599976 0.08000183 -0.66000366 -0.7100067 -0.58999634 -0.7100067 -0.22999573 0.47999573 -0.7599945 
1363837180 -52.0 -627.07 0.0 -4.600006 0.0 -3.5999908 -2.5900116 1.5100098 -1.0599976 0.08000183 -0.66000366 -0.7100067 -0.58999634 -0.7100067 -0.22999573 0.47999573 -0.7599945 
1363837778 -83.0 -37.509995 -0.069999695 0.609993 -1.0099945 0.049995422 0.7000046 -0.47000122 -0.25 0.34999847 0.59000397 -1.2200012 0.73999786 0.13999939 -0.8199997 -0.040000916 1.590004 
1363839412 92.0 -38.40001 -3.9000092 -3.7099915 2.119995 -3.9900055 2.1500092 -0.29000854 -1.0099945 -0.22999573 -1.4300079 0.37001038 -2.3600006 1.6100006 -2.4500122 0.6100006 -1.4899902 
1363841651 -84.0 -65.45999 -16.39 -1.5600052 0.8499985 -0.05999756 -0.6500015 0.099998474 0.73000336 -0.34999847 -0.47000122 0.33999634 0.12000275 -0.3199997 0.12999725 0.9300003 -1.4300003 
1363844313 93.0 -11.139999 -3.5 -0.4900055 -1.1499939 0.0 -0.8600006 -0.76000977 -0.44000244 -0.6299896 0.05000305 0.56999207 -0.36999512 -0.9900055 -0.08999634 -0.22000122 -1.5099945 
1363844901 -82.0 -74.909996 -5.279999 -0.47000122 0.040000916 -0.45999908 0.19999695 -0.44000244 0.15000153 0.37999725 -0.5799942 -0.6000061 0.75 0.20000458 -0.5999985 0.1499939 0.1700058 
1363848316 94.0 -20.040009 -2.0700073 -4.269989 -1.1799927 -0.44000244 0.7000122 1.5299988 -2.5599976 -0.5500183 -1.6600037 1.7000122 0.11999512 -1.1499939 -1.2200012 -1.0 -0.61001587 
1363848908 -83.0 -36.780014 -1.6099854 -0.29000854 0.69000244 -1.8800049 -0.56999207 1.8499908 -2.4599915 0.22000122 0.519989 -1.3499908 0.3899994 -0.08000183 -1.2100067 0.5200043 -1.1900024 
1363850231 91.0 -8.589996 -4.5 -0.8699951 -1.4400024 -0.79000854 1.3200073 -1.3599854 -0.33999634 -1.3500061 0.22998047 -1.5099792 0.25997925 0.2000122 -0.61001587 0.060028076 -0.66000366 
1363852485 -85.0 -46.939972 -1.5100098 -2.4500122 -1.9499817 -1.4700012 0.6999817 -0.41000366 0.37002563 -0.61001587 -1.0499878 -0.83999634 0.0 0.08999634 0.80999756 0.2999878 0.3000183 
1363854728 94.0 -10.73999 -1.5499878 -4.0 2.2199707 -1.6900024 -1.6799927 2.630005 -3.5700073 3.5300293 -3.1900024 0.44000244 -2.3200378 0.52001953 0.019989014 -2.350006 2.730011 
1363855330 -83.0 -55.58 -25.14 -0.91000366 -0.009994507 0.69999695 39.25 8.729996 0.32000732 -0.58000183 0.48999023 1.6399994 -1.6299896 0.7599945 0.54000854 -0.8400116 0.69000244 
1363857223 93.0 10.190063 -2.420044 -5.75 6.5200195 -2.209961 -2.1201172 4.3100586 -7.209961 -7.170044 4.8100586 1.3499756 -5.910034 2.2600098 -0.26000977 -4.329956 5.919922 
1363859831 -86.0 -5.200012 -0.13998413 0.7799988 -1.2000122 0.5299988 0.38000488 -0.480011 0.22000122 -0.019989014 1.0100098 -0.730011 -0.29000854 -1.2299805 -0.9200134 0.010009766 1.2299805 
1363862487 93.0 -12.890015 -1.0599976 -1.0299988 -2.2999878 0.009979248 0.79000854 -1.730011 0.44000244 1.5200195 -2.710022 0.960022 0.3199768 -4.3399963 0.05999756 2.730011 2.1400146 
1363873654 -81.0 -48.45999 -0.010009766 0.60998535 1.8300171 -2.619995 0.11999512 0.9299927 5.23999 -6.1099854 2.9400024 -0.69000244 -1.3600159 -1.2599792 1.6099854 -2.0700073 0.02999878 
1363875242 89.0 -13.720001 -3.7799988 -0.35998535 -0.24002075 -1.7599792 0.75997925 0.6300049 1.4400024 -2.4599915 -0.2000122 -0.47000122 -1.0699768 -1.1300049 1.6900024 1.6000061 13.339996 
1363876825 -83.0 -53.599976 12.030029 -4.4900513 11.120056 -103.21002 -163.24002 0.84002686 15.720001 15.909973 22.080017 3.0499878 -0.20999146 -80.57999 -1.5100098 1.2099915 -0.6999817 
1363879660 93.0 28.550049 -26.710022 -4.2200317 4.26001 5.210022 -14.419983 -124.33002 -243.22 0.95999146 -0.3999939 0.41000366 142.88 333.64 -39.0 -68.98004 3.5499878 
1363879681 -258.0 -145.37 -227.35999 -3.600006 -1.3099976 2.8099976 159.56003 281.25995 -28.529968 -44.630005 -4.919983 18.059998 8.389954 -19.72998 -14.140015 21.930054 -182.01001 
1363880275 -83.0 -70.56998 -1.3300171 0.5500183 -0.480011 -0.13998413 1.2999878 4.470001 -0.94000244 -3.730011 -0.8299866 0.30999756 0.6799927 -0.8500061 2.7600098 -0.010009766 -2.8099976 
1363882511 92.0 -6.25 -0.3500061 -1.8599854 -0.29000854 -17.589996 -27.080017 -0.30999756 11.26001 193.82 11.189972 -80.02997 14.919983 -99.109985 -51.78 -4.4000244 -0.11999512 
1363884146 -82.0 -77.359985 -365.32 -3.6100006 0.2400055 1.8799896 -1.8799896 0.9700012 0.6899872 -1.1100006 2.800003 83.48001 362.81 38.47998 -20.75 -34.72998 7.089966 
1363887119 97.0 33.390015 70.83002 92.339966 90.77002 127.55005 135.05994 84.54004 -46.680054 -221.54993 -190.04004 -60.52002 48.640015 105.109985 21.47998 -7.169983 -10.669983 
1363887739 -82.0 -72.94 -25.53003 -5.6799927 -5.539978 -9.059998 -3.170044 -10.22998 -3.5499878 -13.51001 3.330017 -0.030029297 10.080017 -20.77002 1.2800293 0.05999756 0.33996582 
1363888321 88.0 -6.3599854 3.2000122 -1.7700195 -1.4699707 5.289978 -5.630005 1.4199829 -9.630005 -1.4799805 9.100037 1.0199585 4.51001 -1.2600098 -3.6599731 -3.7000122 -3.0700073 
1363890095 -90.0 -76.5 20.529968 0.0 0.4500122 0.0 7.830017 0.0 -6.450012 0.0 -0.32000732 7.25 -10.140015 -15.209961 -6.73999 10.259949 12.25 
1363892228 94.0 -235.90002 -4.0700073 -3.7600098 -0.45999146 -1.9100037 -0.769989 -0.36001587 2.0500183 -2.8000183 0.2800293 1.3199768 0.16000366 -2.5700073 4.730011 2.7000122 -2.5400085 
1363892824 -78.0 -39.950012 -0.75 -0.480011 -0.9199829 0.6199951 0.6000061 -0.21002197 -0.45999146 0.16000366 0.23999023 2.1700134 -3.2900085 0.86001587 0.3199768 0.9200134 -1.8999939 
1363895109 99.0 14.47998 -3.3598633 -7.170166 8.51001 -21.78003 4.380127 3.659912 -12.5 8.040039 1.0600586 -11.77002 13.109863 -9.369873 -4.1799316 15.569824 -11.079834 
1363895113 -94.0 -21.78003 4.380127 3.659912 -12.5 8.040039 1.0600586 -11.77002 13.109863 -9.369873 -4.1799316 15.569824 -11.079834 7.1899414 12.98999 -8.100098 19.98999 
1363897552 -83.0 -43.73996 -4.0400085 -2.600006 3.899994 -3.6099854 2.4299927 -0.6700134 -0.98999023 1.8099976 -2.6600037 3.1400146 -3.9100037 4.700012 -4.630005 4.5599976 -5.0200195 
1363900232 93.0 607.36 -23.23999 -473.0 -8.969971 -0.2000122 -4.1900024 1.25 1.210022 -3.5300293 1.5200195 -2.1600342 -0.9699707 4.9299927 -4.0299683 5.4799805 -4.1900024 
1363900234 -1557.0 -473.0 -8.969971 -0.2000122 -4.1900024 1.25 1.210022 -3.5300293 1.5200195 -2.1600342 -0.9699707 4.9299927 -4.0299683 5.4799805 -4.1900024 -1.75 0.6500244 
1363901947 -86.0 -57.70999 -29.179993 2.8499756 0.480011 -4.9400024 -1.0799866 2.8299866 -3.0 0.7200012 10.350006 -7.369995 -0.8300171 2.2000122 -3.0100098 1.6600037 1.0499878 
1363903763 96.0 143.57999 0.0 -37.97998 0.0 -2.630005 0.0 -0.22000122 0.0 -1.6400146 -0.30999756 -2.039978 0.6999817 0.010009766 1.3099976 -1.7799988 -0.73999023 
1363904380 -82.0 -52.150146 -24.799805 -16.810059 11.280029 2.5300293 -8.98999 14.309814 -15.179932 14.899902 -11.089844 3.829834 10.550049 -16.109863 13.939941 -15.810059 9.350098 
1363907213 95.0 -14.070007 -4.0899963 -0.20999146 -1.6400146 -2.1799927 1.1900024 -0.3999939 1.1399841 92.32001 33.02002 -1.4700012 -0.070007324 -0.83999634 5.600006 -7.9200134 0.9500122 
1363907213 -398.0 -14.070007 -4.0899963 -0.20999146 -1.6400146 -2.1799927 1.1900024 -0.3999939 1.1399841 92.32001 33.02002 -1.4700012 -0.070007324 -0.83999634 5.600006 -7.9200134 0.9500122 
1363908859 -32.0 -11.910156 2.2800293 7.050049 -0.100097656 -10.73999 1.5900879 5.909912 -1.2700195 -6.909912 4.3100586 5.2199707 1.8498535 -10.5998535 4.2800293 9.129883 0.95996094 
1363908961 -78.0 -69.22 1.9499817 -2.4299927 0.7999878 0.1800232 4.619995 -4.080017 -0.8999939 0.16000366 2.5799866 -2.9599915 -0.45999146 1.4299927 2.7000122 -2.9100037 -0.5700073 
1363911938 93.0 909.98 -799.31995 0.0 -9.070007 0.0 -1.1799927 0.0 0.1499939 0.0 0.36001587 -1.0599976 0.94000244 -3.119995 2.6399841 -1.8999939 0.88998413 
1363911939 -1699.0 -799.31995 0.0 -9.070007 0.0 -1.1799927 0.0 0.1499939 0.0 0.36001587 -1.0599976 0.94000244 -3.119995 2.6399841 -1.8999939 0.88998413 -1.8899841 
1363912537 -82.0 -45.450012 0.26000977 0.19000244 2.3099976 -2.9199982 0.66999817 0.19000244 -0.27000427 -0.3500061 0.5 1.3400116 -1.1000061 -1.3200073 1.0900116 -0.18000793 0.0 
1363914434 92.0 -19.220001 -3.6299744 -2.4500122 -1.3300171 -0.519989 -1.0100098 1.4500122 -2.380005 2.149994 -3.5099792 2.6600037 -2.1800232 0.39001465 -0.36001587 -1.2099915 1.3900146 
1363914434 -109.0 -19.220001 -3.6299744 -2.4500122 -1.3300171 -0.519989 -1.0100098 1.4500122 -2.380005 2.149994 -3.5099792 2.6600037 -2.1800232 0.39001465 -0.36001587 -1.2099915 1.3900146 
1363916095 -82.0 -48.550003 -0.33999634 -0.6100006 1.1399994 1.699997 -2.4299927 -0.009994507 1.0699921 -0.9799957 0.13000488 -0.070007324 1.6000061 -0.9500122 -0.5499878 0.23999023 -0.22000122 
1363919101 94.0 -5.3200073 0.2999878 -0.2999878 -0.8300171 0.5299988 -0.13998413 -2.7799988 1.1699829 0.87002563 -1.3000183 -0.32000732 0.710022 -2.4900055 0.2599945 0.38000488 -1.6800079 
1363919689 -82.0 -52.899994 -28.910004 -0.6199951 0.43998718 0.31001282 -0.5700073 0.0 1.0700073 0.0 0.34999084 0.0 -1.0899963 0.0 -0.3899994 0.7200012 -0.30999756 
1363922261 93.0 -21.47998 -3.119995 -4.5400085 0.08999634 -0.2999878 0.539978 -1.2299805 -0.070007324 -0.83999634 0.7999878 -2.0299988 -1.0400085 -0.9399872 1.7200165 -2.6100159 0.070007324 
1363922261 -348.0 -21.47998 -3.119995 -4.5400085 0.08999634 -0.2999878 0.539978 -1.2299805 -0.070007324 -0.83999634 0.7999878 -2.0299988 -1.0400085 -0.9399872 1.7200165 -2.6100159 0.070007324 
1363923967 -82.0 -58.039993 -22.830002 -1.4799957 0.6299896 -0.25 -0.2899933 -0.6300049 0.18000793 0.05999756 2.0 -1.9799957 0.039993286 0.13999939 0.41999817 -0.3600006 0.11000061 
1363924265 249.0 233.81999 15.900024 1.1299744 0.980011 -0.95999146 -0.26000977 2.1100159 -2.2799988 -0.29000854 2.2999878 -2.0599976 0.27999878 2.7399902 -2.4099731 -0.76000977 2.480011 
1363924912 -250.0 -171.16998 1.9199982 -1.300003 0.55000305 1.1299896 -1.7399902 1.5599976 -1.2299957 -0.4900055 0.30999756 0.30999756 1.4000092 -2.2299957 1.4399872 -1.199997 0.5299988 
1363925800 110.0 -5.6799927 -2.4500122 -0.44000244 -4.3299866 1.8800049 -3.0200195 -2.4100037 0.33999634 -3.6399841 0.040008545 0.47998047 -4.0599976 1.6000061 -4.6900024 -2.2399902 0.019989014 
1363927354 -81.0 -51.770004 -27.839996 1.6600037 -1.1399994 0.3999939 -1.3500061 1.3300018 -0.44999695 0.070007324 0.2999878 1.4500122 -2.2600098 1.1200104 -0.6399994 0.039993286 -0.11000061 
1363930454 94.0 -10.839996 -3.5099792 -1.3600159 -4.119995 2.0 1.3399963 -1.269989 -0.22000122 -1.1900024 -1.0400085 0.22000122 0.22000122 0.26000977 -1.2700195 -0.75997925 -0.05001831 
1363932189 -81.0 -68.45 0.8800049 -1.7600098 1.3399963 -0.5299988 0.23001099 0.6899872 -0.10998535 -1.4900055 1.8300018 -1.4000092 0.9900055 -0.91999817 0.11999512 1.3600006 -1.3199921 
1363935224 93.0 -5.6900024 -4.5599976 -0.47000122 -0.66000366 -0.44000244 -0.48999023 -0.5 -0.86001587 1.2200012 -1.1299744 0.019989014 -0.26000977 -0.019989014 -2.0400085 0.76000977 -1.230011 
1363935821 -83.0 -50.929993 -29.869995 -0.66000366 0.81999207 -0.23999023 0.83000183 -1.2100067 -1.949997 -4.2900085 0.91000366 -1.3399963 0.83999634 -1.0699921 1.5599976 -0.9900055 0.1000061 
1363937674 91.0 -5.3399963 -2.9200134 0.42001343 -2.4900208 -1.2199707 0.28997803 1.3800049 -0.19000244 0.14001465 -5.1400146 0.70999146 1.3200073 -0.009979248 -2.3000183 0.010009766 0.35998535 
1363939389 -82.0 -70.83002 1.25 2.1600342 -3.6800537 -0.8199463 0.15997314 1.6699829 -1.5899658 -1.0200195 -2.4099731 4.4799805 -9.720032 -0.33996582 1.8599854 1.3599854 -2.6599731 
1363942394 88.0 -14.899994 -2.6200256 -2.519989 -2.0899963 -1.25 3.4700012 -0.1000061 -0.35998535 -0.5700073 -0.91000366 -2.3099976 -2.3900146 -0.05999756 4.430023 -2.1500244 -1.6499939 
1363944223 -89.0 -70.31 -18.649994 -0.44000244 -0.49002075 0.0 0.0 0.0 0.6300049 0.0 1.7900085 0.0 -3.130005 -1.0899963 5.119995 0.2000122 -2.2200012 
1363946096 96.0 11.970001 4.4400024 -12.880005 2.6799927 -3.419983 10.619995 5.75 0.75 -3.2000122 -2.1999817 0.040008545 -1.8900146 -1.9200134 1.1400146 0.0 -3.350006 
1363948510 -90.0 -51.940002 -35.850006 1.1000061 -1.9700012 0.50997925 0.66000366 1.0700073 -2.3399963 6.3099976 5.0799866 -7.669983 0.6999817 4.6900024 -8.679993 0.5299988 1.2600098 
1363950532 94.0 -283.34003 -2.9599915 -3.9400024 -1.9199829 -0.42001343 -0.94000244 2.350006 0.1499939 -1.4599915 -4.1700134 3.5 -3.8799744 2.9099731 -2.5099792 0.0 -1.5100098 
1363951151 -98.0 -82.06 -16.0 0.24002075 -1.3000183 -0.22998047 1.019989 1.3200073 -1.8699951 0.5299988 0.5699768 0.38000488 -1.3800049 0.54000854 1.8500061 -0.9700012 -0.32000732 
1363952314 90.0 -21.970001 -4.119995 -1.5700073 1.2600098 -4.0400085 0.1000061 -6.73999 -7.970001 -0.70999146 -1.8500061 0.32998657 -0.13000488 0.11001587 0.23999023 -1.3299866 -1.6100159 
1363954156 -87.0 -67.130005 -0.3000183 0.8800049 -1.5599976 0.46002197 1.7299805 -1.4700012 -1.3899841 2.0099792 0.29000854 -1.5400085 0.38000488 1.0500183 -0.26000977 -0.5299988 0.3999939 
1363956145 95.0 -6.369995 -2.3399963 0.37998962 -0.5399933 -1.5599976 1.7299957 -1.6199951 -0.30000305 -0.55999756 0.30999756 -2.4900055 -1.1499939 -0.25 1.1100006 -1.6300049 -0.16000366 
1363956768 -83.0 -61.990005 -1.5099945 0.33999634 1.2099915 -1.8899994 0.3899994 0.91000366 -1.5699921 0.94000244 -0.65000916 -0.5200043 2.1600037 -1.5399933 0.5 0.19999695 -0.94000244 
1363958857 93.0 -5.850006 -0.22999573 -1.2799988 -0.13999939 -1.0200043 -0.3999939 1.0800018 0.099990845 -1.8699951 -1.0200043 -0.08000183 0.18000793 -1.4600067 -2.0999908 0.13999939 0.81999207 
1363960819 -82.0 -67.03999 -14.210007 -0.5399933 -0.3500061 0.16000366 0.099990845 0.30999756 0.05000305 0.33000183 -0.69999695 0.069992065 0.65000916 -0.3600006 0.069992065 -0.049987793 0.31999207 
1363963737 94.0 -6.669998 -3.5899963 -3.130005 0.070007324 -0.30999756 1.9899902 -1.3499908 -1.699997 -0.94000244 0.37998962 1.0400085 -0.6000061 -1.2599945 -0.8800049 -0.7700043 -0.16999817 
1363964354 -83.0 -60.949997 -22.080002 0.730011 0.42999268 -0.75 0.29000854 0.83999634 -1.0599976 0.22999573 0.30000305 -0.6100006 0.95999146 0.26000977 -0.94999695 0.81999207 -0.83999634 
1363966442 92.0 -16.970001 -3.5700073 -1.0899963 -0.730011 -1.9199829 0.23999023 0.41000366 0.13000488 0.049987793 -1.0899963 -1.2099915 -1.3500061 0.38000488 -0.47000122 -0.47000122 0.38998413 
1363966442 -371.0 -16.970001 -3.5700073 -1.0899963 -0.730011 -1.9199829 0.23999023 0.41000366 0.13000488 0.049987793 -1.0899963 -1.2099915 -1.3500061 0.38000488 -0.47000122 -0.47000122 0.38998413 
1363968169 -83.0 -73.94 -0.049987793 1.8099976 -1.6100006 1.800003 -0.80000305 -0.30000305 1.1300049 -0.8700104 0.41000366 0.13000488 -0.8600006 1.4299927 -1.4599915 0.519989 0.51000977 
1363971185 95.0 -6.669983 -0.73999023 -0.040039062 -2.0699463 1.6999512 -0.36999512 -2.709961 1.9499512 2.630005 -3.4799805 1.2199707 2.1900024 -3.6599731 -0.65997314 2.6599731 -2.4299927 
1363971797 -83.0 -61.320007 -19.059998 3.899994 -3.3399963 2.1100159 -0.54000854 -0.17001343 -0.2999878 -0.51000977 1.8699951 -3.0 1.4200134 -4.0400085 2.8000183 -3.130005 3.289978 
1363973166 91.0 -5.9700317 -0.98999023 -5.119995 0.13000488 1.6500244 -3.3000488 0.710022 0.4500122 1.1400146 -3.6000366 0.36999512 1.0400391 -2.2700195 0.7000122 1.5100098 -1.8300171 
1363974819 -84.0 -73.73999 -9.2300415 3.6099854 -2.8199463 3.1499634 -4.0999756 1.2099609 0.30999756 -2.959961 1.6599731 -2.169983 5.4000244 -3.4500122 3.2600098 -3.080017 3.6500244 
1363976621 243.0 259.03003 228.6001 230.42993 -150.64014 81.76001 -23.379883 -7.050049 22.090088 -17.02002 8.179932 3.040039 -241.94995 -147.77002 -0.38012695 3.9001465 6.5498047 
1363977192 -239.0 -101.91016 -228.42969 1.7197266 -11.849609 -6.340088 144.41968 131.92041 -157.01025 -10.319824 16.359863 -1.4101562 24.760254 -39.77002 40.660156 -19.490234 -161.61987 
1363978126 103.0 9.559998 5.6099854 -7.2800293 -6.549988 -4.1400146 -33.96997 -309.13 -0.17999268 -2.5200195 -2.7299805 80.5 298.02997 17.090027 -83.79999 7.3599854 -15.130005 
1363981384 -81.0 -84.58002 -51.19998 0.10998535 -0.6699829 0.08999634 -1.2399902 -18.0 -52.380005 155.57999 38.920013 -42.98001 -45.829987 -67.120026 -51.28 1.460022 8.910004 
1363984549 95.0 -6.730011 -1.7900085 2.810028 -0.040008545 4.9499817 -2.019989 -4.0 -3.350006 1.230011 0.6300049 -1.6300049 -0.9700012 -0.6499939 0.070007324 0.28997803 0.6700134 
1363985192 -82.0 -61.79001 -0.8299866 3.1600037 -3.3099976 0.8699951 1.269989 -0.44000244 -5.419983 0.98999023 0.049987793 -1.039978 0.769989 0.26000977 -2.5700073 2.350006 0.17999268 
1363985792 87.0 593.22 -232.23999 -254.86002 -7.549988 -5.5500183 -0.30999756 -0.76000977 -2.3299866 0.7799988 -0.980011 -2.9299927 -0.9199829 1.6899719 -0.63998413 -3.7900085 -0.19998169 
1363985794 -1387.0 -254.86002 -7.549988 -5.5500183 -0.30999756 -0.76000977 -2.3299866 0.7799988 -0.980011 -2.9299927 -0.9199829 1.6899719 -0.63998413 -3.7900085 -0.19998169 2.4599915 -1.3399963 
1363987345 -83.0 -58.48999 0.16000366 -0.480011 -0.1000061 0.6500244 1.0299988 -1.5800171 0.41000366 -0.17001343 0.9700012 -0.9299927 0.89001465 -1.3500061 -0.26000977 -0.07998657 0.8999939 
1363989889 94.0 -940.54004 -0.020019531 0.52001953 2.6099854 -2.6799927 -1.4199829 1.1999817 -2.630005 -0.02999878 0.13000488 -6.899994 -5.970001 -21.309998 -5.980011 0.14001465 2.5899963 
1363990504 -82.0 -75.91 1.1100159 0.37997437 -2.0899963 0.26000977 -0.36001587 0.42001343 1.519989 -6.639984 -2.9200134 3.8600159 3.630005 0.44000244 -0.8000183 0.02999878 -0.5700073 
1363991103 87.0 -6.389984 -1.0200195 2.1100159 -4.3200073 2.0899963 -0.42999268 -0.8699951 2.4899902 -3.5400085 2.619995 -0.8199768 -0.980011 3.7099915 -4.0700073 1.1900024 -0.5299988 
1363992643 -85.0 -65.81003 4.7700195 5.6900024 1.3899841 0.8800049 -2.7600098 0.39001465 3.480011 -2.630005 1.3399963 0.54000854 -2.1900024 0.4499817 3.330017 -6.0400085 -9.320007 
1363995095 84.0 -5.350006 0.4300232 -3.5500183 -0.20999146 2.9500122 -3.8900146 -1.0400085 0.9300232 -2.350006 2.2399902 -0.29000854 -1.4899902 0.83999634 -2.6399841 -0.76000977 1.6799927 
1363995703 -82.0 -56.580017 -23.789993 -0.94999695 0.07998657 0.25 0.93000793 -1.0700073 0.27000427 0.19999695 0.44000244 -0.7599945 -0.15000916 0.68000793 1.0800018 -2.0200043 0.5399933 
1363998677 95.0 -5.5700073 -1.7299957 -2.25 0.0 -1.1900024 -1.3499908 1.4099884 -0.6499939 -1.3800049 -0.59999084 -1.1300049 1.1399994 -0.47999573 -0.90000916 -0.48999023 0.08999634 
1364000467 -82.0 -68.87001 -12.199997 0.16000366 0.40999603 -0.51999664 -0.069999695 -0.11000061 0.27999878 0.22999573 -0.3899994 -0.11000061 0.0 -0.009994507 -0.26000214 0.16000366 -0.010002136 
1364003494 94.0 -7.199997 -3.2200012 -2.800003 -1.449997 3.199997 -3.019989 0.12998962 -0.16999817 -1.4599915 2.1899872 -1.4899902 0.91000366 -1.5600128 0.16000366 -0.41000366 -1.8799896 
1364004101 -83.0 -82.16 0.51000977 -0.05000305 0.70999146 -0.84999084 0.23999023 -0.80999756 1.1100006 -0.2899933 -0.47000122 1.3699951 0.25 -1.7399902 -0.44000244 0.6499939 1.7400055 
1364007083 95.0 443.08 323.78003 -654.8 -6.4900055 -3.4700012 -2.3399963 0.41000366 -0.7799988 0.22999573 -0.25 -1.4299927 0.13999939 -0.8200073 -1.9900055 0.5900116 0.70999146 
1364007085 -1741.0 -654.8 -6.4900055 -3.4700012 -2.3399963 0.41000366 -0.7799988 0.22999573 -0.25 -1.4299927 0.13999939 -0.8200073 -1.9900055 0.5900116 0.70999146 0.3500061 -1.550003 
1364008893 -84.0 -35.28 0.08999634 0.44000244 -0.44999695 -0.39000702 0.26000214 0.08000183 0.08000183 0.26999664 -0.75 -0.019996643 0.23999786 0.15999603 0.6300049 -1.090004 0.19000244 
1364011983 95.0 -13.220001 -3.100006 -2.9599915 -0.3999939 -1.5899963 0.30999756 0.3499756 -1.8099976 0.77001953 0.6300049 -0.980011 0.6499939 -0.019989014 -1.3000183 -1.8899841 0.02999878 
1364012589 -83.0 -51.92 -0.34000397 0.20000458 -0.47000122 0.34999847 0.05000305 0.33999634 -0.22000122 0.3600006 -0.6100006 0.29000092 -0.51000214 0.20999908 0.060005188 -0.010002136 0.8600006 
1364015932 94.0 -15.75 -4.279999 -1.9400024 -0.83999634 -0.55000305 -0.32000732 -0.34999084 -0.120010376 -1.8499908 -0.08000183 0.5 -0.18000793 -1.1399994 -0.83000183 0.5900116 -1.7600098 
1364015932 -201.0 -15.75 -4.279999 -1.9400024 -0.83999634 -0.55000305 -0.32000732 -0.34999084 -0.120010376 -1.8499908 -0.08000183 0.5 -0.18000793 -1.1399994 -0.83000183 0.5900116 -1.7600098 
1364017749 -83.0 -34.820007 -0.41999817 0.7200012 -0.16999817 -0.8800049 1.1500015 -0.76000214 1.3700027 -1.7999954 1.2399979 -0.7799988 -0.020004272 0.59000397 -0.5 0.9700012 -1.1500015 
1364020860 93.0 -14.159973 -2.080017 -3.7999878 -0.32000732 -0.02999878 -0.02999878 -1.0299988 -0.54000854 -0.5700073 1.3600159 -1.230011 -0.6999817 -0.52001953 0.22000122 -0.010009766 -0.85998535 
1364020860 -51.0 -14.159973 -2.080017 -3.7999878 -0.32000732 -0.02999878 -0.02999878 -1.0299988 -0.54000854 -0.5700073 1.3600159 -1.230011 -0.6999817 -0.52001953 0.22000122 -0.010009766 -0.85998535 
1364021463 -83.0 -41.839996 -0.30000305 -0.47999573 0.56999207 -0.75 0.68000793 -1.5 0.6499939 -0.2599945 0.47000122 0.2999878 -0.84999084 -0.3500061 0.33000183 0.32000732 -0.730011 
1364023760 93.0 -7.480011 -2.6799927 0.0 -2.4899902 0.0 -1.1800232 0.79000854 -0.22000122 -0.25 -1.7299805 0.049987793 -0.42999268 0.38000488 -0.29000854 -0.91000366 -1.3900146 
1364025598 -83.0 -14.799988 0.0 12.269989 0.3300171 1.4499817 0.480011 -1.9500122 -16.119995 -66.36 0.3400116 -1.2400055 1.1100006 0.45999146 -1.5099945 -0.19000244 0.29000854 
1364025606 -45.0 -66.36 0.3400116 -1.2400055 1.1100006 0.45999146 -1.5099945 -0.19000244 0.29000854 -2.430008 -0.16000366 0.19000244 3.7900085 -2.9000092 7.5200043 -8.550003 -2.0599976 
1364028629 94.0 427.62997 347.13 -662.27 -5.6600037 -4.289978 -0.8699951 -1.4200134 -0.5299988 -0.54000854 0.020019531 -0.77001953 0.14001465 0.83999634 -0.05999756 -0.8500061 -0.7200012 
1364028631 -658.0 -662.27 -5.6600037 -4.289978 -0.8699951 -1.4200134 -0.5299988 -0.54000854 0.020019531 -0.77001953 0.14001465 0.83999634 -0.05999756 -0.8500061 -0.7200012 3.2399902 -4.98999 
1364030507 -83.0 -74.499985 -6.400009 -0.05999756 -0.19999695 -0.11000061 0.5299988 -0.05999756 -0.27000427 -0.1499939 0.84999084 -0.47999573 -0.69999695 0.83000183 0.0 -0.13000488 0.0 
1364030800 243.0 238.36 8.350006 -0.27999878 -1.5600281 -1.2299805 -0.9200134 0.3999939 1.1400146 0.6499939 -1.0899963 0.2999878 0.9300232 0.25 0.97998047 -0.519989 -0.3999939 
1364031440 -249.0 -178.85 -69.759995 -0.7400055 0.41000366 -0.070007324 0.36999512 -0.18998718 -0.41000366 0.22000122 0.039993286 -0.95999146 0.56999207 -0.05999756 0.38000488 0.0 -0.76000977 
1364032314 112.0 -38.98001 -4.8900146 -3.0999756 -3.1400146 -1.3699951 -0.55999756 -1.6100159 -1.4499817 -1.0800171 -1.6699829 0.02999878 -2.649994 -1.3200073 0.54000854 -1.0299988 -2.7000122 
1364033864 -82.0 -63.189995 0.29000092 -0.069999695 0.20999908 -0.29000092 -0.010002136 0.1800003 -0.37999725 0.08000183 -0.12000275 0.16000366 -0.6800003 0.7299957 -0.11999512 0.13999939 0.19999695 
1364035868 92.0 25.389984 -4.8399963 0.47000122 2.2700195 0.63998413 -5.549988 -1.0200195 0.23001099 -1.7000122 0.5 0.9700012 -1.9100037 0.1000061 -0.8800049 -1.1199951 -0.8299866 
1364037564 -78.0 -78.34 0.22999573 -1.2299957 0.47000122 0.83000183 -0.05000305 0.6399994 0.47000122 -0.8700104 0.6300049 -0.11999512 -0.47000122 0.20999146 -0.099990845 -0.5 1.7399902 
1364040538 92.0 1170.91 -1053.97 -11.169998 -3.5399933 -2.6100006 0.95999146 -2.1899872 0.7999878 -0.8299866 -1.4700012 0.31999207 0.3600006 0.7400055 -0.11000061 -1.6100006 -1.0 
1364040539 -1666.0 -1053.97 -11.169998 -3.5399933 -2.6100006 0.95999146 -2.1899872 0.7999878 -0.8299866 -1.4700012 0.31999207 0.3600006 0.7400055 -0.11000061 -1.6100006 -1.0 -0.55999756 
1364041142 -82.0 -81.990005 0.0 -0.18000793 0.0 -0.02999878 -0.1499939 -0.19000244 0.0 -0.44000244 -0.13999939 -0.31999207 -0.020004272 0.16000366 -0.16000366 -0.1499939 0.16999817 
1364043028 91.0 -9.140015 -2.3599854 -2.130005 0.06997681 -1.1499939 0.730011 -0.269989 -1.7900085 -1.4599915 0.60998535 -3.119995 1.1300049 -0.36001587 -0.38998413 0.27999878 -0.6300049 
1364044726 -82.0 -49.310013 -0.069992065 0.34999084 -0.20999146 0.5099945 -0.69000244 0.6399994 -0.20999146 -0.22999573 0.2599945 -0.13999939 0.13999939 -0.070007324 -0.2899933 0.3999939 -0.769989 
