1363568812 1594.0 1065.62 131.94995 -10.469971 0.8499756 2.5600586 7.209961 -9.079956 -7.080078 3.0500488 10.209961 5.3200684 -0.010009766 -2.2700195 3.9399414 1.7301025 -12.580078 
1363568845 -1599.0 -1080.22 0.27001953 0.16998291 -1.3800049 0.61001587 0.4199829 1.1100159 -1.9700012 -0.20999146 0.5799866 1.0599976 -1.1499939 -0.6300049 0.049987793 -18.609985 -218.14 
1363605545 -48.0 -21.97998 0.66015625 10.73999 -4.170166 -2.4699707 6.9699707 4.1000977 -3.3701172 -7.2299805 -8.119873 1.0898438 4.9101562 2.209961 -1.5900879 -5.9799805 1.3000488 
1363605790 -48.0 1085.4 46.06006 -10.330078 1.1099854 6.4500732 6.98999 -7.160034 -1048.6 -535.35 -28.320007 -0.95999146 -1.0800171 -0.20999146 0.8299866 0.8000183 -0.79000854 
1363605797 -1593.0 -1048.6 -535.35 -28.320007 -0.95999146 -1.0800171 -0.20999146 0.8299866 0.8000183 -0.79000854 -1.4599915 -0.66000366 0.5799866 0.29000854 -0.22000122 -0.6699829 0.22000122 
1363623438 34.0 11.650024 6.700012 -2.1500244 3.5700073 -2.5200195 -0.98999023 -11.149963 -4.9800415 0.9000244 3.25 -3.3900146 2.1900024 0.030029297 29.889954 27.480042 -6.130005 
1363623477 -48.0 -54.169983 -0.070007324 -0.55999756 5.3599854 -1.2799683 -2.420044 5.380005 -2.7000122 1.2600098 1.4400024 -3.4799805 2.380005 0.77996826 -2.2599487 2.4400024 -2.0600586 
1363633075 1574.0 1111.13 20.620117 -25.04004 8.280029 -6.220215 -6.8498535 10.530029 -11.02002 -4.330078 11.199951 -12.97998 -6.159912 7.7800293 -6.01001 -5.1401367 7.3100586 
1363633116 -1569.0 -871.86 -0.5299988 -0.5499878 2.100006 -1.5400085 -0.66000366 -1.6699829 1.1299744 -9.22998 2.6399841 -0.32000732 -0.30999756 2.5200195 -1.5700073 -0.2999878 2.3299866 
1363676921 -1606.0 -1552.87 4.01001 9.959961 -3.2799072 -9.190063 6.0200195 354.49 97.150024 1095.71 66.55005 -2.9799805 16.109863 -2.6699219 -8.689941 -938.18005 -675.48 
1363676929 -193.0 1095.71 66.55005 -2.9799805 16.109863 -2.6699219 -8.689941 -938.18005 -675.48 1.9100342 -3.3599854 -2.4700928 -15.809937 -7.6400146 7.3900146 16.679932 1.8800049 
1363676936 -1584.0 -675.48 1.9100342 -3.3599854 -2.4700928 -15.809937 -7.6400146 7.3900146 16.679932 1.8800049 -5.2199707 -5.8599854 13.050049 2.9899902 -2.540039 4.869995 -5.949951 
1363679371 -1624.0 -675.23 0.38000488 -0.14001465 -1.6099854 0.20996094 1.3000488 1.0199585 -2.880005 2.330017 -2.709961 1.9599609 -2.25 -0.11999512 -0.52996826 0.06994629 2.170044 
1363679371 -730.0 -675.23 0.38000488 -0.14001465 -1.6099854 0.20996094 1.3000488 1.0199585 -2.880005 2.330017 -2.709961 1.9599609 -2.25 -0.11999512 -0.52996826 0.06994629 2.170044 
1363679532 -470.0 763.63 447.60986 2.9001465 11.23999 -9.370117 -6.98999 0.94018555 -986.7401 -619.26 -0.4699707 -1.3400269 1.0400391 -0.08001709 0.3300171 0.45996094 0.29003906 
1363679539 -1582.0 -986.7401 -619.26 -0.4699707 -1.3400269 1.0400391 -0.08001709 0.3300171 0.45996094 0.29003906 0.37994385 -1.75 0.5600586 1.0099487 0.46002197 -0.35998535 -0.10998535 
1363714611 -1598.0 -1059.73 0.42999268 273.45996 393.45 -666.06 -2.630005 -0.22998047 4.159973 -2.8099976 0.22003174 2.9799805 -1.2800293 -2.6299438 3.2999878 -2.9500122 -2.5599976 
1363714615 -360.0 -666.06 -2.630005 -0.22998047 4.159973 -2.8099976 0.22003174 2.9799805 -1.2800293 -2.6299438 3.2999878 -2.9500122 -2.5599976 3.7999878 -2.4500122 -0.26000977 2.8100586 
1363719422 -1568.0 -1338.4801 0.0 -276.14996 0.0 4.5299683 -2.4699707 0.26000977 3.1299438 -3.2199707 3.869995 -4.2199707 2.9299927 -1.5599976 1.3499756 2.3400269 -3.4500122 
1363719904 -225.0 1048.13 18.179932 -1.3498535 -1.1501465 6.5600586 -13.949951 -16.149902 -2.2700195 13.209961 -8.199951 -8.110107 0.6101074 12.22998 -871.77 -717.43005 0.69000244 
1363719918 -1567.0 -717.43005 0.69000244 1.539978 0.30999756 -1.3899536 -0.040039062 0.52001953 0.6300049 0.7000122 -0.94000244 -0.36999512 1.1499634 1.5100098 0.16003418 -1.2200317 -0.9299927 
1363727436 1559.0 597.41003 7.790039 -11.720215 -5.2299805 -2.1699219 -10.459961 -4.630127 11.590088 -6.8999023 -3.9799805 8.339844 -19.070068 -11.669922 5.9399414 -6.209961 -9.669922 
1363727645 -1550.0 -1287.12 -274.75 -1.8800049 -0.5 0.64001465 0.2199707 1.0200195 0.8800049 0.10998535 -0.4000244 -0.5699463 -0.5500488 0.21002197 1.5300293 -0.710022 -0.6199951 
1363765896 -1623.0 -1261.4501 -12.599976 6.380005 0.8099365 239.79004 -224.69995 -14.070068 1.2000732 0.5098877 1.5500488 4.670044 -6.470093 11.120117 -4.9300537 -10.670044 -11.0 
1363765901 -171.0 -224.69995 -14.070068 1.2000732 0.5098877 1.5500488 4.670044 -6.470093 11.120117 -4.9300537 -10.670044 -11.0 1.7900391 2.880005 -2.9799805 -5.4000244 7.7700195 
1363782391 1599.0 176.02997 7.619995 867.54004 381.78003 -6.73999 11.159912 6.800049 -11.040039 11.849976 -16.96997 8.97998 -2.5100098 -1.3800049 7.970093 -13.960083 14.609985 
1363782393 1332.0 867.54004 381.78003 -6.73999 11.159912 6.800049 -11.040039 11.849976 -16.96997 8.97998 -2.5100098 -1.3800049 7.970093 -13.960083 14.609985 -10.97998 6.2700195 
1363782427 -1599.0 -1045.64 -1.3999939 1.4199982 -2.75 1.8600006 63.48001 -64.34001 0.16000366 -0.009994507 -0.32000732 0.020004272 1.8399963 -2.8600006 1.4900055 -0.6300049 2.2400055 
1363782433 -173.0 -64.34001 0.16000366 -0.009994507 -0.32000732 0.020004272 1.8399963 -2.8600006 1.4900055 -0.6300049 2.2400055 -0.93000793 -0.20999146 1.3799896 -2.0899963 1.6600037 -1.3099976 
1363805431 1566.0 957.6201 -15.1501465 3.2800293 10.410156 -12.790039 5.4699707 5.4399414 -14.639893 0.11987305 14.699951 -6.6499023 -2.7800293 9.159912 1.4301758 -17.690186 -77.63989 
1363805480 -1553.0 -724.37 5.8200073 -2.8099976 -2.4800415 0.76000977 2.8400269 2.869995 0.65997314 -2.2299805 0.55999756 -0.2999878 0.9699707 -1.210022 -0.08996582 -0.2999878 -1.1799927 
1363813848 1587.0 764.72 -10.530029 6.6000977 12.369873 -15.659912 -3.6799316 10.319824 -12.409912 -3.790039 12.9001465 -7.8200684 -7.840088 12.640137 4.079834 2.130127 9.300049 
1363813880 -1599.0 -1389.99 0.49005127 51.849976 338.34998 -310.65997 -70.640015 -3.4299927 -4.23999 4.51001 16.519958 0.27001953 4.410034 -3.670044 -3.079956 4.25 -1.4300537 
1363813885 -180.0 -70.640015 -3.4299927 -4.23999 4.51001 16.519958 0.27001953 4.410034 -3.670044 -3.079956 4.25 -1.4300537 0.7000122 3.5599976 -0.55999756 -4.130005 -15.51001 
1363814980 -1587.0 -733.86993 1.1400146 4.119995 1.7399902 5.339966 153.60004 222.94 680.45 547.2001 -0.09008789 -0.20996094 -8.780029 -1.880127 -1150.3899 -451.02002 -3.4899902 
1363814988 -230.0 547.2001 -0.09008789 -0.20996094 -8.780029 -1.880127 -1150.3899 -451.02002 -3.4899902 -2.0200195 0.7300415 2.369995 -0.85998535 -1.4100342 0.11999512 3.7200317 -77.410034 
1363814993 -1593.0 -1150.3899 -451.02002 -3.4899902 -2.0200195 0.7300415 2.369995 -0.85998535 -1.4100342 0.11999512 3.7200317 -77.410034 -124.97998 3.6799927 -1.6000061 -5.0799866 -1.9200134 
1363852777 -1627.0 -694.45996 -0.19000244 -1.7599792 0.4199829 0.08001709 1.6699829 -1.9700012 -0.60998535 0.9199829 -0.18997192 -0.37002563 -1.2399902 -0.35998535 0.60998535 1.2000122 -1.0899963 
1363852777 -46.0 -694.45996 -0.19000244 -1.7599792 0.4199829 0.08001709 1.6699829 -1.9700012 -0.60998535 0.9199829 -0.18997192 -0.37002563 -1.2399902 -0.35998535 0.60998535 1.2000122 -1.0899963 
1363852868 -2946.0 -11.959961 -8.75 10.050049 -9.810059 6.1101074 10.819824 -13.919922 -1.0300293 -1026.46 -619.96 1.3099976 1.8999939 -3.3899841 0.75 1.9299927 -2.619995 
1363852876 -1619.0 -1026.46 -619.96 1.3099976 1.8999939 -3.3899841 0.75 1.9299927 -2.619995 0.2999878 2.1600037 -4.200012 -0.019989014 1.7900085 -3.080017 0.3500061 2.0899963 
1363853742 -1572.0 -939.4601 -0.25 -3.0100098 0.6500244 -0.6500244 3.0 -0.26000977 -1.1400146 0.33007812 0.27990723 -0.9099121 4.0499268 -3.7999268 0.67993164 7.8900146 6.1099854 
1363890640 -1618.0 -1426.1499 -233.23004 3.0 -0.25994873 -4.0300293 120.17999 -6.200012 -111.16998 -1.6400146 2.4800415 -0.17004395 -2.9099731 -45.359985 -128.02002 -0.25 2.0499878 
1363890653 -120.0 -128.02002 -0.25 2.0499878 -2.3499756 -0.41003418 -4.089966 0.2699585 1.9000244 0.19000244 0.80999756 3.1799927 0.9199829 -4.419983 5.6799927 -4.0199585 21.649963 
1363890883 -1565.0 -761.97 0.48999023 3.4000244 83.44 258.14996 -344.52997 0.22998047 -2.2699585 2.2799683 10.900024 -1.1000366 2.5599976 -3.6499634 1.1999512 -6.0599976 -4.3099976 
1363890897 -159.0 -6.0599976 -4.3099976 4.3099976 2.1400146 -1.9799805 8.47998 -5.6499634 1.9299927 4.3499756 -2.3499756 -1.1300049 -3.540039 -0.47998047 7.4299927 -6.3499756 -1.1600342 
1363896517 -1600.0 -1115.5901 -497.12006 -8.349976 2.4799805 3.130005 -3.3599854 1.3699951 2.5900269 -4.8200073 5.3499756 -2.0899658 -1.8099976 3.7999878 -1.25 2.0700073 4.1399536 
1363898616 1579.0 892.93994 2.670166 1.3798828 1.170166 -9.1501465 -6.6398926 11.819824 13.48999 4.3901367 -5.0 -6.800049 -6.48999 6.340088 11.149902 -4.3498535 -5.5600586 
1363898643 -1590.0 -1522.71 -76.22998 -5.220215 -3.6398926 1.869873 6.2402344 -2.0800781 -7.949951 -0.57006836 5.459961 7.98999 -6.879883 -7.3601074 6.76001 0.060058594 -5.5600586 
1363938654 -1610.0 -1346.4601 -293.21997 -0.08001709 -0.14001465 1.4500122 -1.6300049 244.10999 153.22003 913.81 323.53992 -5.829834 -3.6901855 6.340088 -2.3898926 -9.76001 -1.9501953 
1363938773 -1621.0 -1521.96 -122.79004 -2.330017 7.630005 7.0200195 0.27001953 0.2199707 -4.8499756 -0.72003174 6.4700317 -8.26001 -13.580017 -3.119995 -0.10998535 -1.1099854 -0.6300049 
1363952525 -1592.0 -997.97 1.25 39.100006 341.93 -299.2 -81.869995 0.11999512 -1.6799927 0.9700012 2.880005 -2.730011 0.0 1.1499939 -0.20999146 -0.95999146 0.66000366 
1363952529 -278.0 -299.2 -81.869995 0.11999512 -1.6799927 0.9700012 2.880005 -2.730011 0.0 1.1499939 -0.20999146 -0.95999146 0.66000366 1.6199951 -2.869995 -6.700012 1.4700012 
1363958651 -713.0 1065.4 -1.2399902 -1.2800293 0.06994629 -1219.85 -447.99997 165.29999 189.59 -354.58 -0.3500061 0.08999634 -0.3999939 0.42999268 0.060012817 -0.31001282 0.060012817 
1363958655 -1620.0 -1219.85 -447.99997 165.29999 189.59 -354.58 -0.3500061 0.08999634 -0.3999939 0.42999268 0.060012817 -0.31001282 0.060012817 -0.020004272 0.9700012 -0.76000977 0.26000977 
1363958659 -158.0 -354.58 -0.3500061 0.08999634 -0.3999939 0.42999268 0.060012817 -0.31001282 0.060012817 -0.020004272 0.9700012 -0.76000977 0.26000977 -0.3600006 0.44000244 -0.1000061 -0.22999573 
1363970502 1601.0 1231.16 0.0 23.129883 0.0 -13.25 0.0 3.4401855 0.0 -6.9001465 0.0 9.199951 -5.959961 -9.76001 5.5200195 -11.22998 -15.72998 
1363970617 -1548.0 -1457.24 10.350098 -12.419922 -2.8701172 16.640137 -19.930176 22.320068 315.25 -28.860107 -310.82983 -11.180176 -7.779785 8.649902 -11.459961 5.7299805 6.23999 
1363970693 1555.0 8.179932 -10.790039 6.1901855 -3.3300781 -18.380127 11.140137 -5.5600586 -7.0300293 11.080078 -0.3400879 174.72998 195.8501 -9.050049 843.03 351.72998 -16.200195 
1363970714 1203.0 9.790039 -7.5600586 1.4599609 6.830078 -15.950195 4.1000977 7.830078 -15.219971 11.23999 -9.410156 -0.79003906 8.26001 -7.76001 5.5700684 4.4399414 -14.549805 
1363970756 -1534.0 -1114.0399 -2.9299927 90.44998 316.64 -256.06 -149.23001 -0.730011 -1.769989 1.6700134 -0.730011 -2.2200012 1.3299866 -2.6999817 -1.7399902 2.4699707 1.3200073 
1363970761 -279.0 -149.23001 -0.730011 -1.769989 1.6700134 -0.730011 -2.2200012 1.3299866 -2.6999817 -1.7399902 2.4699707 1.3200073 -1.5499878 0.95999146 1.1499939 -2.4299927 1.1900024 
1363978296 -33.0 -1009.13 -157.65002 -172.68 0.0 -1.8599854 4.3099976 252.95001 543.92 271.83997 912.62 -1.25 -8.109863 -8.810059 2.4299316 9.409912 -15.269775 
1363978305 1588.0 912.62 -1.25 -8.109863 -8.810059 2.4299316 9.409912 -15.269775 -161.4602 -154.44995 -4.8999023 -14.310059 2.6999512 184.12012 223.31982 -61.66992 -47.379883 
1363978333 -1579.0 -845.5101 -38.46997 -40.440002 7.919983 -1.7799683 -0.05999756 9.22998 -22.859985 5.3499756 -178.04999 -147.78003 -1.4699707 0.3300171 9.099976 196.20001 214.39996 
1364024632 -1614.0 -1021.93994 -630.41 0.6700134 0.02999878 -2.6700134 1.0 1.0200195 -2.6700134 1.1799927 0.38000488 -1.6199951 1.3800049 -1.0400085 -1.2999878 1.5799866 -0.66000366 
