1363769142 51.0 24.470001 1.4400024 0.040008545 0.519989 0.5299988 -1.4100037 0.51000977 -0.76000977 1.0200195 -0.8200073 0.049987793 -0.1000061 -0.4699707 0.17999268 0.6799927 0.54000854 
1363809539 43.0 39.589996 0.72998047 7.9900513 -37.210022 7.909973 -10.059998 0.6000366 1.289978 -2.2399902 -9.98999 -43.55002 5.4299927 -0.039978027 -0.69000244 -0.27001953 -4.0 
1363813757 -48.0 -19.440002 -3.7299805 7.9400024 7.6999817 -4.4400024 -6.119995 1.6600037 -5.1600037 -21.019989 3.1099854 -2.380005 -0.85998535 -1.2900085 -0.10998535 2.350006 -0.22000122 
1363874821 -50.0 -37.380005 1.0599976 -2.8299866 -0.3300171 -0.42999268 1.3699951 1.3300171 2.1999817 -3.3399963 -0.07998657 1.1499939 0.60998535 -3.2200012 1.2900085 0.6300049 2.1799927 
1363876826 53.0 12.030029 -4.4900513 11.120056 -103.21002 -163.24002 0.84002686 15.720001 15.909973 22.080017 3.0499878 -0.20999146 -80.57999 -1.5100098 1.2099915 -0.6999817 51.47998 
1363882039 -60.0 -30.27002 -6.580017 13.5 29.210022 33.339966 27.52002 14.130005 8.97998 2.8200073 -3.9699707 -9.440002 -9.23999 -9.27002 -11.76001 -13.26001 -4.369995 
1363882125 52.0 33.350037 8.629944 -11.5 3.8100586 -3.0700073 1.0999756 -0.26000977 -4.4299927 0.090026855 -1.6300049 -2.5100098 2.3099976 -1.8699951 4.209961 -1.5199585 8.880005 
1363882524 -50.0 -51.78 -4.4000244 -0.11999512 -0.13998413 1.6900024 -1.2600098 19.369995 154.34 26.720001 -51.20999 -18.410004 -97.03 -38.04001 -0.97998047 -1.3700256 0.62002563 
1363888727 44.0 44.52002 -6.7300415 2.670044 -4.4800415 0.0 4.6800537 0.0 -1.1100464 0.0 -0.08996582 0.0 0.33996582 0.0 -0.26000977 -1.75 1.1800537 
1363896576 -39.0 -25.029968 -13.76001 2.9299927 -1.7699585 4.619995 -3.7400513 -0.4399414 0.32995605 -2.130005 -0.16998291 3.7299805 -4.3899536 20.690002 1.9099731 -3.4299927 -4.1000366 
1363940496 44.0 14.130005 2.8899536 1.4899902 -0.2199707 1.7800293 -2.460022 -0.41003418 1.1500244 4.1500244 -0.7800293 -0.76000977 6.710022 -5.669983 -2.6799927 0.5499878 -0.97003174 
