1363560289 62.0 69.020004 0.0 0.19999695 0.0 0.070007324 0.0 -1.4000092 0.02999878 -3.069992 1.2299957 -0.42999268 -0.480011 1.4199982 -1.2599945 -0.3600006 0.7200012 
1363561767 -36.0 -40.980003 0.26000214 0.58000183 -0.84000397 0.13000488 0.83000183 -1.1000061 0.3100052 0.19999695 -0.4300003 0.34000397 -0.27000427 0.8199997 0.20999908 -1.1899948 -0.22000122 
1363572682 62.0 5.439995 0.010002136 0.3899994 -0.58000183 0.09000397 0.29999542 -0.7199936 1.2299957 -0.11000061 -0.76000214 0.23000336 0.69999695 19.05001 49.62999 -3.449997 2.4400024 
1363574217 -37.0 -37.949997 -1.6699982 -0.8100128 -0.7799988 -0.5 1.0600128 -0.6700134 -0.6899872 0.23999023 0.38000488 0.5 -0.9799957 -1.2200012 0.3999939 0.44000244 -1.5 
1363581950 59.0 56.049988 -16.619995 7.480011 7.700012 -0.8100281 -0.789978 -0.020019531 -3.019989 0.5 0.98999023 -1.8099976 1.7799988 -0.769989 -0.269989 0.38998413 -2.3099976 
1363583517 -36.0 -37.33 0.48999786 0.13000488 -0.25 0.11999512 0.7000046 -0.8199997 -0.08000183 0.62999725 -0.3299942 -0.80000305 0.30999756 1.7200012 -1.5999985 0.40999603 0.44000244 
1363588748 57.0 56.87001 -7.100006 4.4799957 0.120010376 0.48999023 -1.1100006 -1.5399933 -0.5700073 0.37001038 0.05999756 0.42999268 -0.13999939 -0.16999817 -0.70999146 -0.7100067 -0.5299988 
1363590373 18.0 13.240021 -0.14001465 1.1300049 0.23999023 0.08001709 -3.850006 0.02999878 0.0 1.3900146 0.62997437 -1.8799744 0.6699829 0.8999939 -0.80999756 0.74002075 -1.5500183 
1363593126 20.0 13.369995 1.4199982 -0.019989014 -0.28001404 -3.2299957 0.51000977 -0.38000488 1.5699921 -1.4899902 0.009994507 -0.31999207 -0.13999939 -0.5200043 -0.75 -0.68000793 0.38000488 
1363595831 19.0 18.0 -5.25 1.7899933 6.9900055 0.22999573 1.4400024 -3.1799927 -0.730011 1.4400024 -1.0699921 -1.1100006 1.300003 -1.7100067 1.0200043 0.70999146 -2.4299927 
1363597172 20.0 20.809998 -6.470001 1.3600006 9.350006 0.33000183 -1.1399994 0.08000183 -2.300003 0.27000427 -0.38000488 0.8600006 1.050003 0.33999634 0.6199951 -0.59999084 -0.90000916 
1363597620 16.0 16.220001 0.4900055 0.33000183 0.2599945 0.95999146 -3.6799927 0.80999756 0.69999695 -1.1799927 0.58999634 0.020004272 -2.0 1.8199921 -1.4199982 -1.5399933 0.7200012 
1363599314 -35.0 -23.269989 -15.5 -0.54000854 -0.099990845 1.050003 -0.5299988 -0.7400055 0.9299927 -0.9799957 0.15000916 0.8600006 -1.1000061 -0.3899994 1.0800018 -0.18000793 -0.33000183 
1363605707 59.0 5.8900146 0.769989 0.42001343 -1.0700073 -0.6199951 -0.16000366 0.14001465 28.089996 5.0599976 0.27999878 0.7200012 0.7799988 11.679993 56.690002 -6.6799927 5.299988 
1363611225 20.0 10.5 2.619995 -3.709961 -3.3599854 -0.010009766 1.1999512 2.3499756 -5.26001 -3.0 1.210083 2.7199707 1.4300537 -4.040039 2.790039 0.36999512 3.130005 
1363611491 19.0 23.119995 0.0 0.2000122 0.0 -0.5299988 0.0 -3.3600159 0.0 0.7200012 0.0 0.5500183 -1.0200195 0.16000366 0.11999512 -0.539978 0.039978027 
1363612501 18.0 21.759995 -4.699997 3.869995 -0.41999817 0.3999939 -1.9700012 -1.6199951 0.65000916 0.31999207 -0.80000305 0.38000488 -0.5700073 -0.32998657 0.5799866 -2.1599884 -0.25 
1363620952 -36.0 -29.369995 1.2799683 1.3900146 0.79003906 -1.210022 0.34002686 2.079956 -0.64001465 -2.119995 -1.4299927 1.420044 -0.8000488 0.80999756 -1.9299927 -0.36999512 -0.28997803 
1363624840 38.0 69.45001 -1.789978 3.460022 -0.24005127 3.1500244 -4.419983 -10.920044 -3.169983 -2.169983 -1.460022 -1.2600098 0.08001709 -1.4199829 1.039978 0.8500366 0.65997314 
1363625026 20.0 21.630005 -5.410034 5.5200195 0.28997803 -1.9400024 -3.2999878 0.17999268 -0.010009766 -1.6799927 -1.039978 0.55999756 1.5999756 -0.65997314 -3.5200195 -1.6900024 2.6099854 
1363626808 -37.0 -23.369995 -2.039978 3.2399902 -4.040039 4.040039 -3.3900146 1.1199951 2.169983 -1.4099731 3.2800293 -3.6600342 3.6600342 -2.580017 -0.39001465 1.2000122 -7.4799805 
1363631940 58.0 46.179993 -16.46997 2.039978 8.25 5.049988 -1.039978 -1.210022 -1.2299805 -0.020019531 1.9400024 -1.4699707 -1.5800171 -0.25 2.5 -1.5 0.710022 
1363634003 21.0 18.279999 0.31999207 -5.519989 10.87999 0.6300049 -1.2899933 -1.8099976 0.42999268 -1.5 0.19999695 1.3200073 -1.5599976 -0.55000305 1.2299957 -0.020004272 -2.2799988 
1363634345 21.0 18.990005 -2.7200012 2.7200012 5.649994 -0.5399933 1.1199951 -1.9700012 -1.0099945 0.66999817 0.5200043 -1.300003 0.47000122 -0.7100067 0.79000854 -1.1100006 0.13999939 
1363635055 21.0 16.25 -1.8900146 2.9700012 7.6600037 -0.010009766 -0.97998047 -1.4700012 -0.019989014 0.4699707 -1.4299927 -0.25 1.0 0.6700134 -0.010009766 -2.130005 -0.38998413 
1363636134 20.0 15.880005 -1.3299866 2.039978 0.4300232 0.9299927 -2.0299988 -1.0299988 -0.23001099 -0.42999268 0.83999634 0.1000061 0.73999023 -1.5700073 -1.2399902 -0.5499878 0.3999939 
1363639252 -36.0 -17.759995 1.5 -1.5 0.25 0.73999023 0.11000061 -0.84999084 -0.11000061 0.5299988 0.59999084 -1.4700012 0.30999756 0.39001465 0.18998718 -0.59999084 -0.4900055 
1363651589 58.0 61.380005 -5.3400116 -2.8799896 13.720001 0.54000854 1.289978 -0.789978 -2.8700256 -0.4199829 -0.27001953 -0.22000122 -0.049987793 0.45999146 -0.23999023 -1.480011 -0.9099884 
1363652961 -36.0 -31.589996 -8.809998 0.5999985 0.9000015 -1.159996 0.4399948 -0.009994507 -0.66000366 1.1299973 -2.0799942 0.7999954 0.16000366 -0.41999817 0.36999512 -0.22999573 0.0799942 
1363661339 64.0 45.730003 17.410004 -12.480011 1.7200012 13.860001 0.91999817 -0.019989014 1.5599976 -4.5900116 0.32000732 1.1300049 -0.980011 -0.05999756 1.5100098 -1.1500092 -0.37998962 
1363662711 -37.0 -33.820007 -7.9299927 0.6799927 0.69999695 -1.1699982 0.55000305 0.4900055 -1.0100098 0.5200043 0.9299927 -1.519989 0.17999268 0.75 -0.83999634 -0.7599945 1.25 
1363670655 59.0 47.36001 -5.2400055 2.7200012 0.11999512 2.3399963 -3.5499878 -1.2799988 0.4099884 0.23001099 -0.4600067 0.3899994 1.1600037 -1.5800018 -0.55000305 -0.08999634 -0.91999817 
1363672071 -49.0 -24.900002 -15.140007 0.4300003 -0.5299988 0.4900055 -0.640007 0.6300049 -0.16999817 0.02999878 0.19999695 -0.44999695 0.83999634 -1.1199951 0.9599991 -0.6700058 0.09000397 
1363675244 63.0 70.59 -8.570007 4.7400208 4.659973 0.34002686 1.7399902 -4.1600037 -1.3900146 0.6700134 0.519989 -1.269989 0.6799927 0.77001953 -0.9700012 -2.0700073 0.5700073 
1363679181 21.0 20.51001 1.0500488 -9.590088 8.360107 1.1699219 -13.0 5.01001 3.3300781 -12.780029 3.1699219 9.699951 -9.22998 -6.709961 9.47998 -4.419922 -5.290039 
1363682830 21.0 29.419983 -4.0700073 -2.9599915 22.709991 5.0599976 -1.1499939 -17.220001 -0.06997681 -11.320007 -26.279999 -125.490005 1.550003 -1.730011 1.8300018 -1.300003 3.730011 
1363687207 21.0 23.649902 1.9899902 -9.290039 -6.7199707 3.9501953 3.7597656 -0.75 -4.8398438 -8.360107 -3.75 1.7199707 3.0800781 -0.30004883 -2.659912 -1.3999023 4.8898926 
1363691750 -36.0 -28.23999 -5.960022 -6.73999 0.05001831 5.5799866 6.1700134 1.4700012 -0.8800049 -1.0 1.5499878 -0.730011 -12.179993 0.99002075 9.929993 -8.27002 -7.1999817 
1363706834 54.0 36.48999 -2.3600006 1.1200104 1.019989 -0.2599945 -2.9900055 -0.31999207 -0.05000305 0.8699951 -0.55999756 0.21000671 -0.8899994 0.1499939 -1.5299988 0.6199951 -1.1499939 
1363711673 20.0 24.690002 -5.830017 2.6800232 1.6399841 -1.4200134 -1.9899902 0.83999634 -1.1099854 -0.08001709 1.6400146 -0.89001465 0.1000061 0.02999878 -2.0299988 -1.1900024 0.33999634 
1363711918 20.0 15.540009 -5.399994 4.850006 1.769989 -1.2000122 -0.9499817 0.16000366 -1.7400208 -1.1799927 0.55999756 0.86001587 -1.6700134 0.66000366 0.019989014 -1.539978 -1.0500183 
1363712227 22.0 15.98999 -4.799988 4.8299866 -0.30999756 1.1900024 -3.630005 -0.1499939 1.1199951 0.7799988 -0.13000488 -0.8999939 0.17999268 0.89001465 -0.6300049 -0.25 -1.5599976 
1363716171 -48.0 -35.04004 -4.75 2.9000244 -4.1500244 1.7000122 -0.10998535 -1.3900146 2.080017 -3.75 1.6300049 -1.9899902 2.630005 -1.4800415 1.2300415 2.039978 -2.0200195 
1363721812 59.0 51.620026 8.819977 3.7799988 0.05001831 1.1600037 0.75 -4.8900146 -0.010009766 1.5500183 0.049987793 -0.42999268 1.3699951 0.5299988 -1.7999878 -0.30999756 0.42999268 
1363724362 -49.0 -30.399994 0.11999512 0.47000122 -0.1599884 -0.3600006 -0.23001099 0.05999756 0.27000427 -0.66999817 -0.45999146 -0.3500061 0.1499939 0.3500061 -0.009994507 0.44999695 -0.7700043 
1363731000 60.0 52.059998 -11.0099945 8.809998 -0.2599945 1.300003 -2.3099976 -1.9700012 -1.0299988 1.8599854 -1.6799927 0.9700012 -0.30000305 -0.81999207 0.84999084 -1.8799896 1.1699982 
1363732507 -49.0 -33.350006 -0.05999756 0.05999756 0.32000732 0.48999786 -0.22000122 -0.44000244 0.26000214 0.12999725 0.1800003 0.59000397 -0.9500046 -0.08999634 -0.02999878 0.48999786 0.5299988 
1363740225 60.0 51.14 13.050003 3.7899933 -0.25 1.050003 -1.2599945 -2.4199982 0.7200012 -1.1700134 0.41000366 0.41000366 -0.30000305 -0.33999634 -0.40000916 -0.5399933 -0.1499939 
1363741732 -36.0 -27.350006 0.20999908 -0.5699997 -0.29999542 0.5 0.44999695 -0.5699997 -0.05999756 0.23999786 1.0599976 -0.44999695 -0.020004272 0.9300003 0.6700058 -2.100006 -0.5399933 
1363749540 57.0 66.16 -2.4899902 5.319977 -0.10998535 0.6000061 -0.13000488 -4.5899963 0.17999268 1.6199951 -1.9299927 0.85998535 0.39001465 -0.9500122 0.010009766 0.55999756 -2.6600037 
1363751017 -36.0 -32.67 -1.4700012 0.1000061 0.22999573 0.7400055 -0.93000793 0.08999634 0.4500122 0.25 -0.79000854 0.13999939 0.33000183 0.13000488 -0.83000183 0.2400055 0.91999817 
1363758870 59.0 59.979996 5.2299957 2.730011 0.769989 0.94000244 -1.7999878 -2.3400269 1.4300232 -1.4100037 -0.26000977 0.94000244 0.17999268 -0.95999146 -0.42001343 0.7200012 -2.3299866 
1363760526 -37.0 -34.319992 -6.2400055 0.13000488 0.13999939 -0.59000397 0.4600067 0.3999939 -0.3999939 -0.14000702 1.0200043 -1.5 0.22000122 0.47000122 -0.7000046 -0.15999603 0.25 
1363761650 61.0 29.809998 1.1700134 1.5799866 -1.3099976 0.54000854 -2.3399963 -1.2000122 1.2399902 -1.3999939 -0.51000977 1.9100037 -0.7799988 0.020019531 0.07998657 -2.7799988 1.230011 
1363762489 20.0 20.59999 -2.3599854 3.269989 1.7200012 0.5700073 -2.130005 -2.1900024 -0.019989014 0.02999878 0.63998413 -0.3500061 -0.30999756 0.52001953 -0.37002563 -0.5699768 -1.0500183 
1363763402 21.0 25.079956 -14.219971 8.790039 6.459961 -2.3100586 5.590088 -4.8499756 -0.040039062 -0.45996094 0.8399658 -0.48999023 -1.6900635 1.8900146 2.25 -1.75 -4.9699707 
1363763617 -37.0 -31.25 -2.4799805 -1.3100586 -4.4799805 1.9199219 6.1601562 -0.57006836 -6.76001 1.8400879 3.8798828 -1.0600586 -3.579834 3.4499512 4.080078 -10.22998 -6.1401367 
1363764600 47.0 46.369995 -41.149994 5.669998 0.55000305 0.8200073 -2.5400085 -9.429993 -8.080002 -0.070007324 0.66000366 0.7799988 -1.0 -0.1000061 0.5200043 -0.7700043 0.08000183 
1363770178 21.0 22.390015 -14.460022 -2.6299744 4.389984 11.119995 2.7200012 -2.5899963 3.269989 -6.0 -2.2199707 0.37997437 2.9100037 -2.669983 0.19000244 2.7399902 -1.4200134 
1363773070 20.0 13.220001 1.6100159 -1.4300232 -0.83999634 -0.33999634 -2.1700134 -0.33999634 1.8700256 -0.8800049 -0.9500122 0.80999756 1.3200073 -1.8699951 1.0499878 -1.1900024 0.5700073 
1363774321 20.0 16.369995 2.3099976 -0.97998047 -1.0500183 -4.23999 -0.23001099 9.490021 44.97998 -5.2299805 -2.9500122 0.6799927 2.7400208 -3.7400208 -0.02999878 1.1400146 -1.4900208 
1363784017 19.0 23.660004 -7.0099945 3.5599976 0.13999939 1.5599976 -3.4600067 -1.0099945 0.22000122 0.2599945 0.13999939 -0.7200012 0.15000916 0.25 -0.19000244 -2.300003 -0.27000427 
1363784233 -36.0 -26.979996 -0.75 -0.19000244 -0.039993286 0.3600006 -0.22999573 0.16999817 0.099990845 0.13000488 0.3999939 -0.22000122 0.37001038 -0.43000793 0.120010376 -0.2400055 -0.9700012 
1363797653 63.0 51.23999 -16.0 -0.65997314 14.829987 0.5700073 0.30999756 -0.32000732 -3.2900085 0.11001587 1.2600098 -0.42001343 -0.5299988 -0.07998657 0.60998535 0.51000977 -2.5400085 
1363798614 19.0 23.23999 -6.3099976 2.2300415 2.2799683 -1.1199951 -3.8599854 -1.3800049 1.0899658 2.3100586 -2.1600342 -1.3599854 0.7000122 2.4699707 -2.0599976 -0.8200073 0.070007324 
1363799620 -39.0 -41.48999 -1.5599976 0.02999878 -0.6399994 1.0800018 -1.1700134 1.4100037 -1.8699951 1.5800018 -1.3399963 1.0899963 -0.44999695 -0.3899994 1.269989 -0.80999756 0.80999756 
1363805556 63.0 46.78 0.0 12.709991 0.0 1.6399841 0.0 -3.2200012 0.0 -2.0899963 0.0 -12.889984 -0.05001831 1.730011 6.100006 5.0899963 1.3299866 
1363806557 20.0 27.12001 -8.110016 5.399994 0.36001587 -0.7999878 0.25 -3.4200134 0.8200073 0.41000366 -0.8500061 1.9700012 -1.9200134 -0.040008545 0.75 -2.6099854 0.89001465 
1363807710 20.0 23.15001 -4.3700104 4.2700043 0.69000244 -0.27000427 -2.9400024 -1.0399933 0.2899933 -0.039993286 0.5099945 8.62001 52.219986 -0.3500061 -1.7599792 -4.779999 -0.17999268 
1363808488 -48.0 -29.209991 0.25 -0.8500061 -0.069992065 0.8999939 0.47000122 -1.0 0.18000793 -0.4500122 0.980011 0.16999817 -1.1600037 0.2599945 -0.049987793 0.91999817 -0.8200073 
1363815231 37.0 66.42001 -12.76001 7.360016 6.7599792 -2.8399963 0.36001587 -1.980011 0.5700073 -0.51000977 0.29000854 -0.29000854 0.0 2.730011 0.0 -3.100006 0.0 
1363816558 -49.0 -38.28 -2.3899841 -0.41000366 0.17999268 -0.69000244 2.350006 -2.5700073 2.0499878 -3.4799805 3.149994 -3.9599915 2.1600037 -1.5500183 2.0500183 -0.1800232 -0.58999634 
1363823411 31.0 27.560013 2.9299927 -0.19999695 1.4100037 -0.66000366 -1.7100067 -0.5099945 0.5299988 -1.0899963 0.7899933 -0.66999817 0.91000366 0.5399933 -0.6299896 -1.6600037 -0.80000305 
1363824828 -37.0 -28.129997 1.0799942 -1.1699982 0.27000427 0.8999939 -1.2099991 0.4200058 0.6399994 -0.7200012 -0.30999756 0.8899994 -0.38000488 -0.83999634 0.58000183 1.2299957 -0.69999695 
1363831885 62.0 63.219986 0.7100067 4.2400055 0.5299988 0.6100006 -0.8700104 -2.149994 -0.91000366 1.1800079 -2.380005 2.3399963 -0.23999023 -0.7000122 -0.30999756 -0.9700012 -1.1599884 
1363833318 -37.0 -20.429993 -0.6100006 -1.0899963 0.58999634 0.27999878 -0.9600067 -0.019989014 0.11000061 -0.40000916 -1.0299988 0.6300049 0.16999817 -1.1900024 0.13999939 0.30000305 0.42999268 
1363839745 60.0 42.670013 23.109985 0.4500122 2.4599915 0.51000977 -1.2600098 -1.3299866 -1.710022 0.36999512 -0.07998657 0.8200073 -1.0899963 0.5499878 0.32998657 -2.6599731 2.869995 
1363841237 -37.0 -37.069992 0.33000183 -1.1399994 0.6100006 0.7999878 -1.1299896 0.22000122 0.7899933 -0.58000183 -0.41000366 0.9200134 -0.58000183 -0.480011 0.8400116 0.099990845 -1.1699982 
1363847336 60.0 49.229996 -17.36 1.1100006 12.7400055 2.949997 -0.9700012 1.3500061 -3.0200043 -0.7599945 0.13999939 0.48999023 -0.16999817 -0.30000305 -0.16999817 0.02999878 -1.1499939 
1363850609 19.0 13.959991 6.230011 2.6900024 1.9100037 -0.25 -0.89001465 -2.9700012 0.47000122 0.27001953 -0.3300171 -1.5100098 0.24002075 -0.13000488 0.54000854 -0.94000244 -1.1400146 
1363853614 20.0 29.060059 -4.5 -3.130005 8.52002 4.4699707 -13.280029 2.090088 5.7299805 -7.1400146 10.530029 5.339966 -13.619995 3.0999756 3.1900635 -4.7800293 6.8499756 
1363855225 20.0 20.369995 -3.7799988 2.369995 5.8000183 0.0 1.0 0.0 -4.8200073 0.049987793 0.0 0.060028076 0.0 1.5899963 -0.42001343 -1.9199829 -0.54000854 
1363856823 -36.0 -31.220001 -0.41999817 0.7799988 -0.69000244 -0.41000366 1.0 -1.2099915 -0.41000366 0.6000061 0.11000061 -0.6100006 1.3499908 0.8500061 -0.8200073 0.80999756 -0.11000061 
1363877071 59.0 -22.27002 27.669922 -146.81006 -270.01 3.0500488 -1.0700684 5.8601074 158.66992 273.19995 -26.579834 29.339844 -25.72998 11.090088 -10.01001 -36.659912 49.26001 
1363878238 21.0 -94.94998 -1.0400085 -0.17999268 2.4499817 0.16000366 -1.1300049 1.0200195 -2.6900024 17.329987 303.21002 161.76001 -87.18005 -17.71997 23.619995 -15.659973 -26.01001 
1363881270 20.0 25.119995 -13.279968 5.1900024 1.3999634 1.6799927 -0.08996582 -7.1900024 0.55999756 3.6400146 1.5100098 1.4699707 -2.7700195 -3.289978 -1.8699951 -0.34002686 2.3600464 
1363881604 21.0 -16.619995 2.3599854 5.350006 -8.019989 57.799988 412.71002 196.60999 -27.320007 -65.619995 -80.41998 7.409973 -497.62 -4.0700073 -1.039978 -13.440002 -0.020019531 
1363884924 18.0 -9.27002 12.349976 0.5500488 2.209961 11.950012 -40.909973 2.9400024 -88.45001 -336.14 0.4500122 0.7599945 0.069992065 102.20001 326.98 56.869995 -53.190002 
1363885050 20.0 21.940002 -6.080002 4.0700073 1.8699951 -1.9299927 -0.41999817 140.25 368.09998 -40.440002 -19.889954 -24.890015 -13.470032 -7.0199585 21.690002 4.8899536 -5.98999 
1363890930 -36.0 -19.380005 -9.980011 -0.11999512 -1.6499939 10.25 -6.6400146 -1.8099976 -2.980011 3.960022 -0.75 -2.5100098 -1.6600037 4.0899963 -0.97998047 0.9499817 2.130005 
1363891208 48.0 55.570007 10.780029 -2.7999878 6.75 -3.869995 6.8199463 -12.889954 -4.290039 6.580017 17.400024 2.2600098 -4.790039 -5.299988 -24.349976 4.6799927 -3.2300415 
1363891755 -37.0 -21.47998 1.5499878 -0.8699951 0.44000244 0.30999756 -1.4299927 2.2600098 -3.6000366 4.26001 -3.6900024 5.3099976 -4.289978 3.0999756 -3.3200073 5.080017 2.6799927 
1363900124 62.0 54.089996 -10.5 -3.6099854 16.819977 1.5200195 -2.7900085 3.0299988 0.0 -5.549988 -0.8699951 -3.2700195 3.4599915 -4.2299805 2.1099854 0.710022 -4.279999 
1363901511 -28.0 -42.059967 6.4100037 -5.810028 1.3800049 -0.94000244 0.87002563 -1.0400085 0.17999268 -1.3099976 6.1600037 3.9799805 2.7800293 -6.1400146 -4.9200134 -0.73999023 3.149994 
1363908719 60.0 33.640137 -5.180176 8.810059 0.7800293 -2.1899414 -6.01001 -2.159912 11.269775 -4.5998535 -5.4399414 -2.3901367 6.1000977 1.7700195 -3.9499512 -5.01001 6.6398926 
1363910046 -39.0 -23.529999 4.0400085 -6.9100037 0.94999695 0.29000854 -0.66999817 1.8999939 -2.2299957 2.9299927 -2.6900024 0.18000793 1.1399994 -1.2299957 1.4199982 -1.2900085 0.55999756 
1363917059 58.0 57.190002 -6.1399994 4.6599884 0.11000061 0.08000183 -0.3999939 -3.7799988 2.3499908 -0.59999084 -1.0899963 0.19999695 2.1399994 -2.0 3.119995 -3.9799957 -0.010009766 
1363918461 -37.0 -17.90001 0.58000183 0.18000793 1.1900024 -0.6100006 0.41999817 -1.2600098 1.9500122 -0.6100006 -1.2700043 0.38000488 1.5099945 -2.149994 1.2599945 0.2899933 -1.3999939 
1363924858 57.0 55.23999 2.8900146 0.0 10.519989 0.0 -1.2600098 0.0 -5.439972 0.0 2.399994 -0.3999939 -1.3100281 4.180023 -3.9400024 2.519989 -3.6900024 
1363926276 -36.0 -31.830017 -0.20999146 0.11999512 -1.5499878 0.3999939 0.36001587 0.65997314 -0.1499939 0.020019531 -0.980011 0.25 0.8999939 -0.5799866 -0.6199951 0.40997314 0.14001465 
1363932284 62.0 63.979996 0.5 2.619995 1.300003 0.8800049 -3.0700073 -1.5699921 1.7099915 -1.8800049 1.0900116 1.4400024 0.7299957 -2.369995 -1.530014 0.010009766 0.08999634 
1363933711 19.0 27.059998 -14.199997 6.0700073 4.1799927 -0.11999512 0.45999146 -2.399994 -1.199997 0.42999268 -0.33000183 -0.20999146 0.44999695 -0.009994507 -0.8100128 -0.2899933 -1.1199951 
1363936125 20.0 13.2599945 1.3600006 0.11000061 -1.6399994 -2.600006 2.2400055 -1.7600098 1.1000061 -2.2899933 0.6599884 -0.16999817 0.0 -0.5299988 -0.7299957 -2.619995 -0.16000366 
1363940468 20.0 18.840027 -3.2600098 -2.9100342 8.890015 1.8400269 -1.5400391 0.020019531 -2.4400024 -0.6699829 4.829956 -6.369995 1.0 1.8099976 -2.7799683 -0.34002686 -3.3499756 
1363941169 19.0 20.339996 -7.23999 -0.8999939 9.199982 -0.38000488 -0.02999878 1.4299927 -1.1799927 -2.880005 0.5500183 -1.4500122 -0.4499817 -0.15002441 4.4000244 -6.350006 0.8699951 
1363942585 19.0 14.940002 3.1999817 3.369995 2.1200256 0.05999756 -2.7700195 3.080017 -4.330017 2.5899963 -1.1599731 3.8499756 -1.1999817 -0.44000244 1.2599792 -4.3399963 -1.8399963 
1363943787 20.0 14.299988 -2.919983 3.1799927 1.519989 -3.4099731 -2.1400146 0.61001587 -1.6900024 0.0 1.289978 -2.039978 1.5499878 4.98999 -8.160004 -0.55999756 0.80999756 
1363947357 21.0 27.679993 -8.349976 4.639984 2.8399963 -2.8099976 0.26000977 -1.730011 -2.149994 0.91000366 1.0899963 -3.1900024 1.3699951 0.8999939 -2.8799744 2.4899902 -1.6600037 
1363955015 -48.0 -25.910004 -12.7599945 -0.16999817 0.31999207 -0.6599884 0.25 0.2599945 0.22000122 -0.3600006 0.5399933 -0.6899872 0.1599884 0.17001343 0.2899933 -0.9000015 0.9399948 
1363964593 60.0 40.429993 24.910004 1.8099976 1.800003 0.33999634 -1.6199951 -2.1399994 0.55000305 -0.94999695 0.47000122 0.23999023 0.55999756 -0.6299896 -0.21000671 -0.33999634 -0.58000183 
1363966994 21.0 11.680023 8.179993 -9.459991 13.72998 -2.0499878 1.0400085 -0.120025635 -2.4299927 -0.6300049 0.3000183 0.6699829 -1.0999756 -0.6800232 0.08001709 0.25 -1.6499939 
1363967805 19.0 18.179993 -1.25 2.7000122 -0.38000488 -0.7200012 -3.7099915 -0.9300232 0.4300232 -0.030029297 0.060028076 0.75997925 -1.0599976 0.51000977 -0.80999756 -0.17999268 -0.030029297 
1363971410 20.0 9.579956 13.48999 -2.6599731 -0.27001953 2.0200195 -0.60998535 -3.5700073 -0.710022 0.75 1.2600098 0.0 -0.52996826 -0.030029297 -0.17999268 2.0100098 -2.9400024 
1363971721 19.0 27.619995 -10.910034 5.98999 -1.539978 2.869995 -3.539978 0.11999512 1.4799805 -3.0200195 5.2400513 -3.880005 3.369995 -2.2600098 -0.14001465 -0.7999878 -1.7200317 
1363977069 21.0 16.110352 1.7197266 3.9301758 70.680176 290.36963 -20.989746 13.379883 -23.189941 8.339844 -18.049805 -2.4301758 39.720215 18.5 -40.02002 -300.78027 -2.790039 
1363979172 20.0 221.85 189.89996 -30.299988 -65.73999 0.0 1.7000122 0.0 30.139954 0.0 -219.87997 0.0 -115.57001 0.0 3.8000183 -0.13000488 10.190002 
1363986815 -36.0 -33.859985 -0.5700073 -0.22000122 -5.3099976 -1.8299866 3.6600037 -4.01001 0.35998535 -0.66000366 -0.6999817 0.02999878 4.529999 -3.5400085 1.0100098 -2.3600159 0.4300232 
1363996505 83.0 31.529999 -4.51001 3.330017 0.4199829 1.7700195 -3.280014 -0.5 0.27000427 -0.19999695 -0.8800049 1.9199982 0.11999512 -1.6100006 0.41000366 0.05999756 -1.769989 
1363997591 -37.0 -34.09999 -6.5700073 -2.0099945 0.66000366 1.2299957 -1.5599976 0.22000122 1.6499939 -1.8800049 0.16999817 1.25 -1.0699921 0.25 1.6499939 -1.9299927 0.73999023 
1364004065 60.0 50.17 -7.4299927 4.399994 0.6700134 -0.3000183 -2.7200012 -0.5499878 0.47000122 0.20999146 -1.269989 0.38998413 0.94000244 -0.32998657 -1.5700073 0.269989 -0.05999756 
1364005151 -37.0 -27.819992 -12.850006 0.8800049 -1.0699997 0.08999634 0.3899994 0.16000366 -0.7099991 0.040000916 0.58999634 -0.47000122 -0.040000916 0.19000244 0.8499985 -1.0899963 0.11000061 
1364011235 59.0 40.62001 -3.4700012 2.630005 1.5499878 0.21000671 -3.600006 -0.34999084 -0.040008545 -0.13999939 0.29000854 0.269989 -0.9099884 0.3899994 -0.94000244 -1.1699982 -0.2400055 
1364012321 -37.0 -23.86 -1.0699921 0.039993286 0.3500061 0.039993286 0.3600006 -0.22000122 0.1000061 -0.7599945 0.2999878 -0.08999634 0.3500061 -0.010009766 0.58000183 -0.81999207 -0.54000854 
1364018158 60.0 37.92 -14.669998 10.87999 5.6200104 -1.0100098 1.980011 -3.5299988 -0.2000122 -1.2599945 0.4900055 -0.43000793 0.69000244 -0.44000244 -0.55000305 0.7700043 -2.3300018 
1364020890 21.0 13.290009 1.6900024 -1.3700256 -0.32998657 -1.5 -1.4700012 -0.9200134 -0.5499878 0.3300171 0.039978027 -0.13000488 -1.289978 0.0 -0.38000488 -1.0 -0.2000122 
1364023138 20.0 16.309998 -0.32000732 -7.470001 5.5700073 10.380005 -0.4600067 -0.3600006 0.009994507 -1.9399872 -1.3500061 0.19999695 0.65000916 0.17999268 -0.9799957 0.19999695 0.039993286 
1364024125 19.0 22.380005 -2.1799927 1.9400024 1.6199951 1.0799866 -1.5400085 -2.919983 -0.11999512 1.5499878 -1.0799866 -0.4300232 1.1900024 0.21002197 -2.8200073 0.6799927 1.0400085 
1364025106 19.0 20.559998 -5.080017 4.649994 0.24002075 -1.7400208 0.1000061 -2.6900024 1.3600159 1.1000061 -2.7799988 2.1599731 16.800018 -1.4100037 0.60998535 -1.6699829 -7.519989 
1364026682 -36.0 -39.230103 -1.7099609 -0.15002441 0.3400879 -5.1101074 -2.1899414 0.0 0.11999512 1.7299805 -1.7600098 -0.89001465 -1.5699463 2.209961 2.25 3.9000244 -3.2399902 
1364029708 60.0 45.36 -4.880005 2.5100098 1.6499939 0.88998413 -3.4799805 -0.5299988 -0.26000977 0.070007324 0.29000854 -0.21002197 0.11999512 -0.8199768 -0.17001343 -0.79000854 -0.85998535 
1364031530 -36.0 -28.970001 -11.160004 -0.19999695 0.009994507 0.47000122 -0.6300049 0.44000244 0.33000183 -0.7100067 -0.11000061 0.3400116 -0.30999756 0.41999817 -0.32000732 0.21000671 0.05999756 
1364034171 58.0 57.32 6.5200043 5.0 -0.4900055 0.36999512 -0.5399933 -2.4799957 0.019989014 0.08000183 -0.11999512 -0.3999939 0.42999268 -0.11000061 -0.83000183 -0.9799957 -0.7700043 
1364037790 20.0 12.050003 6.220001 2.9900055 0.19000244 2.0399933 -2.9100037 -1.7399902 0.42999268 0.18000793 2.6699982 -2.8200073 0.80999756 0.13000488 -2.4600067 1.1700134 -2.1400146 
1364039128 -36.0 -35.160004 -4.830002 0.099990845 -0.039993286 -0.44000244 0.120010376 0.70999146 -0.020004272 -0.95999146 0.05000305 0.18998718 0.51000977 -0.13999939 -0.80999756 -0.15000916 0.5700073 
1364040741 64.0 18.679993 0.8899994 -0.33999634 0.13999939 0.13999939 0.58999634 1.2200012 -1.0899963 25.669998 -9.859985 6.889984 2.5 -1.0599976 -1.2900085 -1.9400024 0.040008545 
1364044107 19.0 20.240005 -6.470001 1.7599792 7.4000244 0.55999756 1.3099976 -3.9300232 -1.0999756 1.6299744 -1.7999878 -0.38998413 1.019989 -0.42999268 -0.8200073 0.55999756 -0.35998535 
1364044341 21.0 9.839996 4.9599915 -1.3299866 0.9700012 -0.44000244 -1.7200012 -0.99002075 0.9200134 1.2000122 -0.21002197 -0.23999023 -0.070007324 0.80999756 -2.3099976 -0.3999939 1.0299988 
