1363676822 525.0 -65.09009 -0.9499512 -0.45996094 -5.790039 1.0100098 5.25 -12.410034 0.8499756 4.25 5.880005 -4.619995 -4.540039 6.25 -2.0098877 -3.1600342 0.6600342 
1363676827 341.0 5.25 -12.410034 0.8499756 4.25 5.880005 -4.619995 -4.540039 6.25 -2.0098877 -3.1600342 0.6600342 6.4399414 -1.8599854 -8.449951 13.829956 -5.1400146 
1363677024 -519.0 -473.71997 -201.44998 0.9499817 -1.4899902 0.80999756 -5.380005 0.010009766 -1.25 -1.730011 2.710022 -2.580017 0.36999512 2.0299988 -2.0 0.13000488 1.4200134 
1363677077 523.0 913.39996 -132.14001 -90.1499 -4.790039 -8.099976 1.1099854 -1.8800049 -4.51001 0.60998535 7.5700684 -8.619995 2.4699707 10.150024 -9.25 1.4699707 4.5999756 
1363677163 1957.0 899.32996 -123.48999 -88.77002 -11.439941 -8.790039 7.4000244 -5.630005 1.0300293 770.25 693.47 -9.219971 -42.890137 -0.23999023 12.590088 -17.949951 2.709961 
1363677172 1440.0 693.47 -9.219971 -42.890137 -0.23999023 12.590088 -17.949951 2.709961 -0.07006836 -19.949951 6.7199707 -6.919922 -8.75 21.649902 -19.22998 -0.39990234 7.0 
1363677380 -1928.0 -1320.13 -748.22 0.8999939 -5.149994 -1.8900146 1.8399963 -1.5 -1.0899963 1.3999939 -1.4799805 -0.41000366 1.7200012 -2.119995 -0.05001831 2.980011 -2.2200012 
1363677457 1952.0 580.85 9.429932 -61.149902 6.1899414 -1.3098145 -6.9802246 13.630127 -13.290039 -5.300049 20.130127 -5.3500977 -3.7800293 1.5900879 -15.390137 14.290039 12.52002 
1363677457 970.0 580.85 9.429932 -61.149902 6.1899414 -1.3098145 -6.9802246 13.630127 -13.290039 -5.300049 20.130127 -5.3500977 -3.7800293 1.5900879 -15.390137 14.290039 12.52002 
1363677545 -2000.0 -1222.3499 -506.65 1.25 0.73999023 -1.769989 0.38998413 2.580017 -2.4400024 0.1000061 2.0799866 -1.480011 -0.08999634 0.3500061 0.61001587 -0.75 -1.4200134 
1363677546 -505.0 -506.65 1.25 0.73999023 -1.769989 0.38998413 2.580017 -2.4400024 0.1000061 2.0799866 -1.480011 -0.08999634 0.3500061 0.61001587 -0.75 -1.4200134 -0.019989014 
1363677628 -1994.0 -1544.26 -596.56006 2.149994 -2.2399902 0.45999146 2.619995 -2.6100159 -0.8499756 2.769989 -3.1099854 0.38998413 2.7099915 -2.1600037 -0.45999146 1.3999939 0.08001709 
1363677909 1960.0 1355.22 431.80005 -50.52002 -29.039795 -10.060059 -6.6101074 2.290039 6.25 4.620117 4.75 -4.75 -0.42016602 2.2800293 5.709961 -4.300049 4.840088 
1363678014 -1182.0 -704.56995 -351.95007 4.1500244 75.26001 -2.2600098 -3.1500244 -27.839966 28.589966 -3.9499512 2.7700195 -38.48999 26.21997 0.9100342 -11.930054 86.400024 -66.08008 
1363678031 26.0 73.390015 -21.579956 -56.920044 -6.289917 -9.450073 26.420044 -21.630005 -14.650024 24.089966 -32.369995 -0.5 -7.130005 92.650024 -85.140015 -4.9399414 11.359985 
1363678129 -2007.0 -2063.15 -0.730011 -1.1499939 0.38000488 1.9599915 0.13000488 1.0599976 -1.5 -1.3200073 0.44000244 0.37002563 1.5699768 0.0 -0.7799988 0.05999756 0.58999634 
1363679003 -2019.0 -1818.1699 -0.9200134 -1.3899841 2.8899841 -8.25 -2.6299744 1.3699951 1.269989 -2.2999878 0.7200012 1.7999878 -1.519989 -0.4500122 1.0 0.9200134 -3.4300232 
1363679874 -155.0 1213.6699 776.8301 -5.870117 -30.099854 78.34985 20.650146 10.530029 -23.0 -2.6101074 -12.219971 30.0 -43.41992 4.279785 -116.569824 -1949.9 2.2099915 
1363679888 -1938.0 -1949.9 2.2099915 -1.9899902 -0.38000488 1.6199951 -3.4200134 1.8200073 -2.25 0.32000732 2.619995 -1.2600098 1.7900085 0.25 -2.4599915 3.119995 -1.7200012 
1363679967 1995.0 1243.1499 281.12012 -47.01001 -33.42993 14.869873 -14.810059 9.910156 -16.73999 -7.210205 1.5 7.370117 -9.780029 0.0 0.8701172 -12.880127 9.380127 
1363680132 -1943.0 -1828.21 -225.91 2.419983 -2.6099854 2.600006 -1.710022 1.8900146 -2.5700073 2.4700012 -2.519989 1.4400024 -1.6400146 1.9500122 -2.5400085 2.0400085 -2.0599976 
1363764758 -2025.0 -880.58 0.44999695 0.02999878 -0.3899994 -0.8700104 0.32000732 -0.6499939 0.94999695 0.1499939 -0.6199951 0.05999756 0.22999573 0.3600006 -0.009994507 0.0 -0.6199951 
1363764792 2074.0 1317.94 777.0 -42.629883 -81.73999 21.419922 -29.130127 32.73999 -21.519775 -51.180176 72.81006 115.40991 4.2001953 -70.5 -196.39014 49.80005 152.81006 
1363764844 -1246.0 -834.8301 -71.06995 0.0 30.309937 8.820068 2.4399414 -5.2700195 124.400024 37.869995 0.52001953 2.579956 -7.869995 -0.4699707 1.329956 2.5700684 -1.1300049 
1363764880 188.0 362.42004 -60.619995 -7.3499756 0.8099365 10.099976 -12.269897 5.1899414 1.3900146 -15.530029 -285.66992 -10.570068 9.540039 0.08996582 -3.709961 8.719971 -6.699951 
1363764889 -252.0 -285.66992 -10.570068 9.540039 0.08996582 -3.709961 8.719971 -6.699951 11.949951 -0.23999023 -2.1900635 2.25 5.710083 -20.349976 21.539917 5.1900635 -6.5600586 
1363764930 -438.0 -285.82996 -145.92004 24.320007 -15.72998 3.0999756 -3.6499634 12.190002 7.199951 -1.1599731 -3.0700073 4.380005 1.4000244 -7.450012 9.320007 -15.190002 3.130005 
1363765053 -503.0 -464.25998 0.38998413 -0.88998413 1.1999817 0.47000122 -0.6499939 -1.0299988 0.36001587 -1.1800232 1.1200256 1.3199768 0.44000244 0.3300171 -1.0100098 -0.10998535 0.7200012 
1363765115 488.0 824.89 -206.96008 -60.27002 -34.639893 -22.360107 -1.3898926 16.099976 -1.7600098 -0.20996094 -12.630005 23.339966 5.5200195 -2.1600342 1.6899414 -6.0599365 3.880005 
1363765117 -68.0 -60.27002 -34.639893 -22.360107 -1.3898926 16.099976 -1.7600098 -0.20996094 -12.630005 23.339966 5.5200195 -2.1600342 1.6899414 -6.0599365 3.880005 -8.949951 10.209961 
1363765171 -493.0 -536.09 -120.21002 0.8200073 -0.6000061 0.44000244 -0.20999146 -0.8999939 0.17999268 2.3200073 1.8599854 -1.3599854 0.9499817 0.36999512 -0.13998413 -0.48999023 -1.2400208 
1363765898 611.0 6.380005 0.8099365 239.79004 -224.69995 -14.070068 1.2000732 0.5098877 1.5500488 4.670044 -6.470093 11.120117 -4.9300537 -10.670044 -11.0 1.7900391 2.880005 
1363766122 -627.0 -759.02997 0.30999756 1.5700073 -2.2099915 -0.32998657 1.9799805 -1.1900024 0.27999878 1.7400208 -2.9900208 0.6300049 1.3500061 -2.2099915 1.4400024 -0.1800232 -2.399994 
1363766122 -61.0 -759.02997 0.30999756 1.5700073 -2.2099915 -0.32998657 1.9799805 -1.1900024 0.27999878 1.7400208 -2.9900208 0.6300049 1.3500061 -2.2099915 1.4400024 -0.1800232 -2.399994 
1363766327 1992.0 958.8799 370.24023 -42.13037 -45.009766 18.299805 -17.799805 -5.2299805 8.850098 -19.070312 35.36035 -29.600098 5.4399414 -5.75 -17.149902 17.139648 -25.689941 
1363766669 -1976.0 -1370.3298 -727.7101 1.0599976 0.51000977 -1.3800049 -0.21002197 -0.45999146 -1.8099976 1.0299988 -1.0299988 -1.9700012 0.73999023 -0.7999878 -1.8299866 1.8399963 -1.5899963 
