1363630854 41.0 32.680054 2.8399658 1.3200073 -2.0999756 0.52996826 2.6500244 -1.3099976 -1.170044 0.19000244 1.5200195 -1.3300171 1.4100342 -2.119995 1.3800049 0.25994873 -1.9899902 
1363633027 -41.0 -26.539978 -3.830017 9.559998 3.7900085 -1.3500061 2.630005 2.9599915 -5.4599915 2.6099854 -3.4299927 0.91000366 2.4400024 -2.9500122 2.25 -2.5899963 0.17999268 
1363693161 42.0 27.119995 15.23999 -1.0400085 -0.90997314 2.1999817 -2.100006 -0.75 1.7900085 -1.1700134 -0.45999146 1.6600037 -1.2600098 -0.4199829 1.3399963 -1.1600037 -0.5499878 
1363717911 40.0 25.589966 17.309998 -0.4199829 0.32000732 3.080017 -2.1799927 -2.4500122 0.52996826 3.290039 -3.1600342 -2.8399658 -0.16003418 2.830017 -2.3400269 -1.6900024 0.74005127 
1363717995 40.0 25.080017 -0.8300171 0.6699829 1.9500122 0.59002686 -1.2600098 0.5700073 1.7799683 0.8699951 -2.3499756 -2.0299683 -0.11004639 0.19000244 0.5800171 -1.9299927 -1.25 
1363720045 -40.0 -38.070038 1.7799988 2.4300232 -0.75 -1.0800171 -0.66000366 1.3900146 0.30999756 -0.3500061 -1.019989 0.94000244 0.0 1.4299927 0.0 -2.7200012 0.0 
1363803084 42.0 33.119995 12.030029 -2.7600098 -0.64001465 0.0 4.119995 0.0 -2.619995 0.0 -1.8900146 0.0 1.5800171 0.0 -0.070007324 -2.710022 3.369995 
1363804293 -40.0 -21.630005 0.029968262 -0.5700073 -0.14996338 -1.2700195 1.3200073 2.4299927 0.960022 0.60998535 -1.6799927 -0.8500366 -0.15997314 -0.710022 1.4100342 -0.64001465 1.5900269 
1363886863 41.0 8.440002 2.8900146 -0.61001587 2.8099976 180.39001 376.72998 126.25 41.890015 21.130005 -26.22998 -358.81006 -319.31998 -2.5799866 0.95999146 4.3200073 1.3200073 
1363889583 -41.0 -30.820007 -9.869995 -3.580017 -1.710022 -0.30999756 3.830017 5.26001 -3.169983 -1.1799927 -3.5300293 -0.98999023 -0.15002441 2.3200073 0.48999023 1.1400146 3.919983 
1363973021 32.0 9.609985 14.800018 1.4599915 -28.359985 3.1900024 15.819977 -0.73999023 -23.149994 28.019989 4.519989 -1.1999817 0.2999878 -28.819977 11.779999 -5.51001 11.359985 
1363978566 -42.0 -14.439941 -114.79004 -213.3999 -11.360107 2.6201172 -1.7099609 89.049805 246.09009 50.71997 -85.68994 -5.76001 10.439941 -10.199951 5.2299805 -3.8598633 2.5100098 
