1363549279 206.0 124.67001 5.8099976 11.149994 -0.980011 -0.48999023 -0.11001587 0.58999634 0.32000732 -0.8200073 -1.269989 -12.299988 -2.4400024 0.16000366 -0.08999634 -0.22000122 1.7200012 
1363549502 -189.0 -147.13998 -57.399994 -0.17001343 1.1200104 -0.30999756 -1.2700043 -0.3500061 -0.59999084 0.6799927 -0.17999268 0.08999634 -0.3600006 -0.3500061 -0.22000122 0.75 1.3400116 
1363552284 -192.0 -134.04999 -58.070007 1.0199585 4.6400146 2.2999878 -0.9299927 2.290039 -0.5700073 -2.1000366 -15.690002 1.1300049 10.150024 5.089966 1.2600098 1.460022 -2.7000122 
1363553116 205.0 149.34998 4.420044 -2.2400513 -1.2599487 0.8399658 1.25 1.3800049 -3.330017 -0.15997314 0.98999023 0.65997314 -0.05999756 -1.0099487 -10.75 -5.800049 7.040039 
1363553282 38.0 -5.830017 0.0 1.6499634 -2.5199585 -2.9100342 -12.190002 3.2399902 4.5300293 -1.6400146 -2.2199707 2.209961 0.010009766 -7.3900146 5.8900146 0.0 -0.89001465 
1363553347 17.0 15.299988 9.529968 -9.25 1.7600098 -0.6699829 -14.72998 -3.5500488 1.420044 6.0199585 8.070007 3.9000244 -10.710022 -8.109985 0.2199707 2.2000122 -2.4500122 
1363553605 -289.0 -138.88998 -2.0500183 1.0400085 -10.440002 -23.160004 0.9500122 1.5400085 3.2999878 2.3200073 -9.839996 4.149994 13.570007 -6.1600037 10.019989 -3.5099792 -7.9100037 
1363556780 270.0 135.86998 31.529999 -6.519989 -0.3999939 -0.76000977 1.5 0.69000244 -0.9299927 0.22000122 0.32998657 0.36999512 -0.65997314 0.22998047 0.42001343 0.32998657 -0.08999634 
1363557364 -274.0 -84.49002 16.520004 -5.25 0.8699951 -1.3799896 1.1900024 -0.8500061 0.6100006 -0.41000366 0.9799957 -0.59999084 0.27999878 -0.02999878 0.31999207 -0.009994507 -0.2400055 
1363558092 -37.0 -12.380005 -0.40000916 0.060012817 1.199997 -1.6200104 0.020004272 1.0 -0.75 -0.05999756 1.3399963 -0.75 -0.33000183 0.9200134 -0.44000244 -0.7700043 1.1799927 
1363566712 39.0 12.840012 0.23999023 -0.5299988 -0.16999817 0.66999817 -0.5399933 -0.19999695 0.69999695 0.45999146 -0.56999207 -0.47999573 0.8299866 0.5 -0.7599945 -0.039993286 0.5299988 
1363567535 -39.0 -22.11 -0.09000397 0.069999695 -0.1800003 0.7000046 0.16999817 -0.6300049 -0.27999878 0.099998474 0.20000458 -0.05000305 0.25 -0.69999695 0.58999634 0.1000061 0.42999268 
1363568729 312.0 88.399994 -52.579987 28.799988 -0.70999146 0.23999023 -0.049987793 25.019989 86.48001 4.4200134 0.69000244 -0.26000977 -2.080017 0.05001831 -0.02999878 2.2200012 -1.1800232 
1363568736 95.0 86.48001 4.4200134 0.69000244 -0.26000977 -2.080017 0.05001831 -0.02999878 2.2200012 -1.1800232 -0.4199829 0.17999268 2.7099915 -0.73999023 -1.3500061 -0.58999634 0.6799927 
1363568860 -328.0 -218.14 0.19999695 -0.5200043 1.3700104 -1.1500092 0.15000916 0.11000061 0.27999878 -0.4900055 -0.069992065 0.6299896 0.9700012 -1.3399963 0.25 -0.47000122 0.5099945 
1363589822 315.0 173.38 8.869995 -2.419983 0.789978 -0.6499939 0.0 1.7099915 -1.2999878 -0.5800171 0.31002808 1.0099792 -0.38998413 -1.1300049 -0.6000061 0.6300049 0.66000366 
1363589878 32.0 6.0200195 1.0700684 -6.580078 -1.6999512 4.090088 3.789795 -5.01001 -7.069824 1.0498047 3.7600098 -2.3098145 -4.540039 4.6899414 8.620117 -0.44018555 -8.689941 
1363590742 -40.0 20.570007 -3.1799927 1.789978 1.6000061 -0.13998413 -3.7900085 0.29000854 -0.960022 -0.5299988 0.17001343 -0.05001831 0.30999756 -0.30999756 0.19000244 0.33999634 -0.5499878 
1363591134 -289.0 -137.15 0.3600006 -0.54000854 -0.5 0.26000977 0.70999146 0.30999756 -0.6499939 -0.43000793 0.480011 0.3899994 0.039993286 -0.6299896 -0.0900116 0.4600067 0.3600006 
1363604534 60.0 40.420013 20.109985 -0.32000732 1.6800232 0.8699951 -0.74002075 -0.12997437 0.0 0.4199829 -0.07998657 -0.8300171 0.46002197 0.40997314 1.3099976 0.24002075 -1.5100098 
1363604765 -59.0 -41.72 -19.399994 -1.2999878 1.6499939 -1.0099945 0.009994507 0.7899933 -1.7599945 1.5400085 -2.0600128 1.5200043 -1.3399963 1.4299927 -1.0699921 0.7299957 0.0 
1363605820 301.0 137.99002 13.619995 16.0 -0.9000244 0.35003662 -2.3099976 1.0299683 1.0900269 1.3699951 -1.9899902 -0.6300049 0.98999023 0.90997314 -1.6799927 -0.2000122 1.6500244 
1363606240 24.0 -16.919983 2.3099976 -1.1900024 -0.98999023 2.6600037 -2.0200195 -0.55999756 1.9599915 -2.1399841 1.6799927 -1.8200073 -0.5699768 3.019989 -3.2799988 0.519989 0.3300171 
1363609683 28.0 13.119995 -0.9700012 -2.130005 0.3500061 -1.5500183 1.2600098 -2.4200134 -1.3199768 2.1900024 -0.9200134 -0.08999634 0.35998535 0.84002686 -3.0299988 0.18997192 2.230011 
1363610289 -332.0 -150.70001 -88.94998 2.969986 -6.969986 0.3899994 -0.2000122 1.300003 -0.48999023 -0.1000061 -0.80999756 1.2599945 0.30999756 -1.4700012 -0.37998962 0.75 0.2899933 
1363615348 381.0 150.51001 23.970001 2.7099915 -1.4599915 -1.4299927 0.69000244 0.8999939 -3.7000122 -0.009979248 2.8499756 -2.7599792 0.06997681 0.17001343 0.5 -1.6199951 0.17999268 
1363615547 -399.0 -228.85 -130.47 0.2000122 0.7899933 -1.2100067 0.17001343 0.3999939 0.33999634 -0.7899933 -0.4600067 0.6000061 0.7299957 -0.47000122 -0.5 0.4600067 0.45999146 
1363616979 41.0 21.75 3.8499908 0.29000854 0.069992065 0.7100067 -1.1600037 0.070007324 0.0 0.5499878 0.39001465 -0.17001343 -0.5399933 -2.3399963 -2.5800018 -0.010009766 0.15000916 
1363617524 -41.0 -25.90001 0.3899994 -0.33999634 -0.8799896 0.7899933 0.36999512 -0.95999146 0.17999268 0.69000244 -0.75 -0.1000061 0.7700043 0.11999512 -0.7299957 0.15000916 1.75 
1363620161 425.0 241.10004 133.29999 15.619995 -3.1099854 -1.2200317 3.4700317 -3.7300415 -0.40997314 3.710022 -4.340027 1.460022 1.9899902 -3.2200317 4.130005 -1.0899658 -2.7600098 
1363628481 -403.0 -271.83002 -0.6499939 -0.16999817 0.47999573 0.18000793 0.5099945 -0.3899994 0.47000122 0.17999268 0.3400116 0.95999146 -1.3399963 -0.7799988 0.08000183 0.12998962 -0.3600006 
1363628481 -174.0 -271.83002 -0.6499939 -0.16999817 0.47999573 0.18000793 0.5099945 -0.3899994 0.47000122 0.17999268 0.3400116 0.95999146 -1.3399963 -0.7799988 0.08000183 0.12998962 -0.3600006 
1363628747 398.0 20.679993 212.18 174.44003 20.349976 -0.789978 -0.030029297 -9.339966 -70.880005 -0.5800171 -1.6199951 2.1900024 0.8800049 -1.5100098 -0.69000244 0.7000122 1.7299805 
1363628749 288.0 174.44003 20.349976 -0.789978 -0.030029297 -9.339966 -70.880005 -0.5800171 -1.6199951 2.1900024 0.8800049 -1.5100098 -0.69000244 0.7000122 1.7299805 -0.7999878 -0.6799927 
1363628941 -400.0 -329.19 0.9799957 -0.8600006 -0.2899933 0.8600006 -1.4199982 0.20999146 0.480011 0.8299866 -2.0099945 0.55000305 0.19000244 -0.41999817 -0.54000854 0.8899994 0.070007324 
1363629145 59.0 33.479996 20.380005 -0.23001099 0.8200073 -1.1600037 0.55999756 0.27999878 0.27000427 -1.6499939 0.30000305 1.519989 -1.3399963 -0.47999573 1.2799988 -0.7100067 -1.1599884 
1363629294 -55.0 -46.29001 -0.31999207 1.2799988 -0.90000916 -0.19999695 1.0400085 -1.1700134 0.040008545 0.80999756 -1.7299957 0.9299927 0.2400055 -0.55999756 1.25 -1.9100037 0.6199951 
1363629550 364.0 205.65 127.55002 -33.23999 -8.300049 -0.44000244 1.3700562 2.539978 -1.5 -0.4199829 0.8999634 1.5300293 -1.2200317 -1.25 1.0499878 0.75 -0.33996582 
1363630315 -343.0 -191.15002 -116.899994 1.2799988 -1.6300049 1.300003 0.05000305 -0.55999756 0.41999817 0.7799988 -1.5 0.5200043 0.22999573 -1.5999908 1.1499939 0.83000183 -1.4600067 
1363630519 316.0 162.55998 114.93002 17.99997 -1.4799805 -0.15997314 1.7799683 1.7600098 -2.2399902 1.0299683 1.5100098 -2.0 1.1000366 1.7299805 -2.669983 2.3399658 2.3900146 
1363631287 43.0 14.609985 3.5999756 -1.6799927 3.9299927 -3.7399902 1.5300293 0.5699463 -1.3599854 1.9700317 -19.410034 0.85998535 2.7600098 -3.5899658 2.1900024 0.13995361 -2.4899902 
1363633456 -331.0 -232.63 1.1399994 -1.4100037 -1.1599884 0.2899933 1.1399994 -1.3600006 0.070007324 0.34999084 0.16999817 -0.7899933 -0.18000793 0.13000488 -0.41999817 -0.2899933 0.13999939 
1363634123 16.0 190.28 76.95001 10.98999 0.38000488 -0.98999023 -1.25 0.22998047 1.5200195 -0.6500244 -236.28998 -55.23001 -0.19000244 0.29000854 -1.0800018 0.30999756 0.94999695 
1363634132 -333.0 -236.28998 -55.23001 -0.19000244 0.29000854 -1.0800018 0.30999756 0.94999695 -0.08999634 -0.36999512 -0.29000854 0.11999512 0.1000061 0.36999512 5.080002 8.480011 -8.220001 
1363634247 -50.0 -28.539993 -4.5400085 0.5200043 0.59999084 -0.5799866 -0.65000916 0.66999817 0.480011 0.16999817 -0.69000244 -0.19000244 -0.05000305 -0.94000244 0.5200043 0.16999817 -0.6799927 
1363636282 40.0 50.679993 -1.3699951 1.4700012 -0.76000977 -1.2900085 0.49002075 -11.920013 -0.1499939 3.0599976 -2.2999878 1.4599915 0.79000854 -1.1900024 1.3399963 0.730011 -1.4000244 
1363636341 -62.0 -58.04001 -3.2700043 0.47999573 0.47000122 -0.94999695 0.15000916 1.5999908 -1.8399963 0.7200012 0.0 -0.41999817 1.1199951 -1.7599945 0.27999878 1.5999908 -1.9199982 
1363640228 375.0 208.63998 55.600006 -1.5300293 -0.099975586 0.11999512 -0.5899658 0.0099487305 0.17999268 1.5100098 -1.2399902 -0.8200073 0.049987793 -0.0099487305 0.32995605 -0.5499878 0.5700073 
1363640285 -348.0 -195.28 2.7700043 -6.3600006 -0.5299988 1.4199982 -0.58999634 -0.16999817 13.289993 -2.7799988 -10.520004 0.32000732 -0.070007324 0.020004272 -0.34999084 0.2899933 0.0 
1363641887 346.0 5.389984 3.0700073 2.4499817 3.100006 4.1700134 150.68 140.07 28.349976 3.7399902 9.990051 13.719971 2.0200195 3.2299805 2.8400269 3.0199585 4.170044 
1363641893 239.0 140.07 28.349976 3.7399902 9.990051 13.719971 2.0200195 3.2299805 2.8400269 3.0199585 4.170044 -11.100037 -4.7299805 -0.039978027 0.8699951 0.5999756 0.15002441 
1363643104 -377.0 -266.47998 9.809998 1.3500061 12.569977 -7.130005 -6.279999 1.8400269 -1.8600159 -1.4299927 1.519989 0.24002075 -2.2800293 0.13000488 0.5800171 0.35998535 0.86001587 
1363643649 356.0 201.66003 89.0 6.1399536 -8.130005 -2.7699585 5.6099854 6.9000244 -2.9700317 2.9799805 -0.7699585 12.940002 3.539978 -18.78003 -7.959961 5.8200073 2.630005 
1363643683 -361.0 -184.52997 -133.17001 1.5599976 -0.45999146 -1.1000061 -18.339996 -3.2000122 20.200012 2.7099915 -2.350006 0.29000854 -2.5 0.0 0.7799988 0.0 3.9299927 
1363646858 -47.0 -19.400002 -12.880005 -0.19999695 0.23000336 -0.14000702 0.1700058 -0.060005188 0.58000183 -0.80999756 0.23999786 0.26000214 -0.16999817 0.40999603 0.19999695 -0.2899933 -0.25 
1363676331 316.0 208.65001 18.970001 -15.600006 0.19000244 -1.3699951 0.38998413 0.0 -0.769989 0.32998657 -0.42999268 -1.4599915 0.02999878 -0.1000061 -0.1000061 0.58999634 -1.769989 
1363676936 26.0 -675.48 1.9100342 -3.3599854 -2.4700928 -15.809937 -7.6400146 7.3900146 16.679932 1.8800049 -5.2199707 -5.8599854 13.050049 2.9899902 -2.540039 4.869995 -5.949951 
1363677136 14.0 5.339966 -7.159912 3.5599365 -176.29999 -493.23 1.5200195 -2.3000183 3.350006 -2.5899963 0.66000366 0.29000854 -3.0200195 2.7400208 -2.600006 0.0 -1.2000122 
1363678017 21.0 75.26001 -2.2600098 -3.1500244 -27.839966 28.589966 -3.9499512 2.7700195 -38.48999 26.21997 0.9100342 -11.930054 86.400024 -66.08008 -7.8599854 73.390015 -21.579956 
1363678024 -78.0 -38.48999 26.21997 0.9100342 -11.930054 86.400024 -66.08008 -7.8599854 73.390015 -21.579956 -56.920044 -6.289917 -9.450073 26.420044 -21.630005 -14.650024 24.089966 
1363679817 -54.0 -1421.4299 -607.1 0.74002075 0.73999023 0.17999268 -1.6399841 0.27999878 1.4199829 -1.039978 -1.8900146 -0.070007324 0.980011 0.30999756 -0.83999634 0.6499939 1.9900208 
1363679922 17.0 12.440002 1.6400146 -1.3000183 3.369995 -4.819977 1.4899902 -1.2399902 0.35998535 2.2000122 -2.2400208 2.6600037 -4.23999 2.7000122 -2.8900146 0.38000488 0.040008545 
1363680244 27.0 -8.830017 1.8500061 -0.38998413 1.1699829 1.6100159 -2.350006 0.26000977 -0.86001587 -0.010009766 1.5400085 2.5500183 -2.4300232 1.5500183 0.769989 -1.6000061 1.460022 
1363681225 24.0 5.75 -8.600006 -1.7600098 0.74002075 1.0299988 -1.75 -0.23001099 0.6700134 1.7799988 -3.0599976 0.0 2.8599854 0.0 -3.2999878 0.0 1.7399902 
1363681637 -10.0 21.02002 -2.1099854 4.5999756 -3.2000122 -0.099975586 -3.380005 1.2399902 -2.1799927 -0.35998535 1.8800049 -2.380005 -0.8100281 1.7799988 -2.7399902 -1.0299988 0.8200073 
1363681742 -31.0 -7.159973 1.7099915 -3.9100037 2.600006 -1.1600037 0.4500122 2.4799805 -2.6600037 2.580017 -3.8399963 2.6999817 -1.2200012 -0.8999939 4.1900024 -2.1400146 2.0400085 
1363681953 -345.0 -200.12003 0.0 -0.7799988 0.0 -7.01001 0.0 -2.4499817 2.3299866 -1.7799988 0.27001953 2.2599792 -3.119995 0.2000122 -0.64001465 0.040008545 1.1699829 
1363683033 57.0 44.94995 23.840088 -10.310059 6.26001 5.290039 -3.8500977 1.6401367 7.129883 -7.4399414 -6.0700684 12.439941 7.0200195 -11.560059 -3.5 4.8901367 -4.1101074 
1363683506 -57.0 -41.95996 -2.2302246 6.8500977 -0.8100586 -8.059814 9.3498535 4.6000977 -7.340088 -7.1899414 3.409912 5.1601562 -8.040039 -7.680176 8.310059 11.1501465 -7.73999 
1363690271 270.0 148.08008 72.42993 2.5300293 -1.1000977 -3.6098633 -0.3400879 -1.2099609 2.9499512 0.5500488 -7.949951 -11.659912 2.9699707 -8.440186 -6.569824 0.3798828 13.870117 
1363690721 26.0 7.0 0.75 -11.790039 7.1899414 11.040039 -7.540039 2.2399902 -0.95996094 -5.699951 1.3598633 16.22998 4.2199707 -20.609863 0.0 -7.5300293 0.0 
1363690856 -277.0 -208.00012 -3.0100098 -3.2299805 2.869995 1.4500732 1.2698975 2.0300293 -1.0499268 6.6499023 5.7301025 -6.910034 -3.6800537 1.5 2.630005 -2.209961 14.569946 
1363690939 47.0 24.470001 -1.7799988 -0.11001587 0.42999268 0.74002075 0.50997925 -1.1799927 -0.7200012 -0.13998413 0.38000488 3.4299927 -1.7000122 1.3600159 -0.15002441 -0.5699768 0.009979248 
1363691172 -50.0 -49.630005 -4.98999 0.23999023 -0.13000488 0.6700134 0.45999146 -0.29000854 0.77001953 -0.14001465 -0.9299927 0.769989 -1.1099854 0.3999939 0.6300049 0.08999634 0.98999023 
1363691229 53.0 38.380005 1.5499878 0.6800232 -1.3300171 -0.63998413 -0.30999756 0.6699829 -0.45999146 -0.76000977 0.14001465 0.769989 0.95999146 -1.0099792 -0.6800232 0.8500061 0.86001587 
1363691997 -54.0 -51.820007 0.17999268 1.3500061 -1.5299988 0.9700012 0.6799927 -0.8200073 -0.6199951 1.3299866 -0.5999756 -1.75 0.88998413 1.6700134 -2.1799927 1.039978 0.6499939 
1363694040 -33.0 -13.289993 -3.380005 0.2400055 -0.7899933 -0.53001404 -0.019989014 -0.47000122 0.7599945 -0.8600006 -0.36999512 0.33000183 0.27000427 0.05999756 -0.33000183 0.11000061 -0.05999756 
1363701616 420.0 207.96997 12.0 -0.85998535 3.3099976 -4.2699585 0.4199829 3.6400146 -3.6500244 0.76000977 2.369995 -3.2000122 3.1500244 0.3899536 -2.7399902 2.8900146 -2.7799683 
1363701616 98.0 207.96997 12.0 -0.85998535 3.3099976 -4.2699585 0.4199829 3.6400146 -3.6500244 0.76000977 2.369995 -3.2000122 3.1500244 0.3899536 -2.7399902 2.8900146 -2.7799683 
1363703421 -429.0 -386.86 -21.61 0.069992065 -0.47000122 0.2000122 -0.78001404 -0.34999084 0.17999268 0.65000916 -0.7400055 0.55999756 -0.6100006 1.2900085 -1.25 0.81999207 0.80000305 
1363714225 424.0 233.37 112.02002 6.549988 -3.0900269 1.2000122 1.7800293 -3.7399902 1.1699829 2.7399902 -3.4899902 -0.05999756 3.5100098 -4.0300293 -0.5999756 2.4799805 -2.9099731 
1363716251 -412.0 -396.34 0.019996643 0.5600052 0.08999634 -0.3600006 0.73999786 -0.8699951 -0.3600006 1.1399994 -1.7399979 1.159996 -0.3600006 -0.65999603 0.5699997 -0.5299988 0.1800003 
1363716319 415.0 219.56998 61.960022 -0.55999756 2.5499878 -3.5700073 -0.7000122 2.9000244 -2.6400146 -1.7099609 2.9899902 -1.3200073 -2.4500122 2.119995 0.9100342 -2.0300293 1.0 
1363720167 -355.0 -172.71 3.2700043 -0.2599945 0.32998657 -0.17999268 0.91999817 -2.1600037 0.18000793 0.25 0.08999634 0.58000183 0.22999573 -0.3999939 -0.120010376 0.11000061 0.27000427 
1363720167 -120.0 -172.71 3.2700043 -0.2599945 0.32998657 -0.17999268 0.91999817 -2.1600037 0.18000793 0.25 0.08999634 0.58000183 0.22999573 -0.3999939 -0.120010376 0.11000061 0.27000427 
1363722028 -41.0 -33.880005 -1.3099976 1.3399963 0.6700134 -1.0599976 -0.4500122 1.4899902 -0.75 -0.08999634 0.5500183 -0.14001465 -0.5799866 0.05999756 1.6000061 -0.9000244 -1.4700012 
1363723183 -37.0 -38.929993 -10.029999 -0.16000366 0.05999756 0.3500061 -0.44999695 0.11000061 -0.480011 0.7000122 0.5099945 -0.30999756 0.02999878 0.099990845 0.30000305 0.25 1.0700073 
1363727305 374.0 204.07 120.54999 25.410034 -3.290039 1.3400269 2.8200073 -3.710022 2.790039 3.2299805 -3.9100342 0.2800293 2.7799683 -4.3899536 0.8399658 3.2700195 -4.3099976 
1363727306 67.0 120.54999 25.410034 -3.290039 1.3400269 2.8200073 -3.710022 2.790039 3.2299805 -3.9100342 0.2800293 2.7799683 -4.3899536 0.8399658 3.2700195 -4.3099976 0.6799927 
1363727351 -95.0 -106.55005 4.5200195 -0.69000244 11.859985 1.420044 -10.880005 -3.2800293 1.0599976 1.9500122 -3.25 1.039978 3.1400146 -2.4099731 0.28997803 2.039978 -2.4099731 
1363729262 -264.0 -147.67001 -93.97998 -1.25 0.19998169 -0.63998413 0.0 -0.3300171 -0.45999146 -0.16000366 -0.25 0.74002075 0.5799866 -0.86001587 0.060028076 -0.7000122 0.94000244 
1363729867 -20.0 -29.040009 -15.049988 -0.13000488 0.20999146 0.40000916 0.69000244 8.149994 7.9600067 -0.47000122 0.11000061 0.23999023 0.7200012 -1.3899994 0.4600067 -0.3899994 0.36999512 
1363729924 49.0 37.64 17.789993 -0.5099945 -1.1100006 -0.6399994 1.1699982 0.58000183 -1.2900085 0.05999756 1.1500092 0.2400055 -1.1900024 -0.30999756 1.2399902 -0.9700012 -0.5099945 
1363730742 -46.0 -25.190002 -10.229996 0.5099945 -0.43000793 -0.099990845 0.8899994 -1.2200012 0.33999634 0.32000732 -0.5200043 0.8999939 -0.519989 0.08000183 0.80999756 -0.76000977 0.7400055 
1363762684 299.0 119.09 90.899994 0.14001465 0.6799927 0.7799988 1.019989 0.14001465 -0.6300049 -0.1499939 -0.66000366 0.76000977 0.2999878 -0.049987793 -0.51000977 -1.25 -0.13000488 
1363763019 58.0 5.8200684 -2.040039 -2.7800293 -3.7199707 -2.4199219 6.6899414 11.3498535 -2363.43 -3.6500244 -0.4199829 -0.36999512 0.19000244 0.55999756 -0.5500183 -0.22998047 0.05999756 
1363763129 20.0 16.48999 0.69000244 0.480011 -16.430023 -1.0799866 -0.91000366 0.11999512 1.2900085 0.1000061 0.50997925 0.75 -0.16998291 1.6199951 0.66000366 -0.38000488 -0.13000488 
1363763367 12.0 -6.0699463 -4.0 -4.970093 -3.579956 -1.9899902 -0.27001953 0.41003418 1.2099609 2.9300537 1.1599121 0.6101074 0.029907227 -0.8099365 -0.26000977 0.9699707 -0.52001953 
1363763592 16.0 40.549805 6.930176 1.0400391 4.129883 -0.5800781 -11.209961 1.6000977 2.619873 -3.7399902 -4.209961 3.130127 4.5998535 -2.5700684 -4.9799805 2.8000488 5.25 
1363764287 53.0 38.049988 22.480011 -1.1900024 0.19000244 -0.29000854 0.89001465 -0.33999634 -1.1400146 -0.6799927 0.1499939 -0.6199951 -1.7000122 1.7799988 1.1700134 0.769989 -0.94000244 
1363764425 -284.0 -194.62 -0.4600067 0.05000305 0.4900055 -0.08999634 -0.5900116 0.0900116 -0.16000366 0.33999634 -0.7400055 0.120010376 -0.16999817 -0.11000061 -0.21000671 -0.069992065 -0.17001343 
1363764568 -62.0 -27.029999 0.070007324 0.27999878 -0.5099945 -0.13999939 0.13999939 1.9099884 -0.80999756 -0.44999695 -0.30999756 0.7700043 0.32998657 -0.7899933 0.11999512 0.21000671 0.80999756 
1363764851 275.0 124.400024 37.869995 0.52001953 2.579956 -7.869995 -0.4699707 1.329956 2.5700684 -1.1300049 5.4699707 1.8100586 3.289917 -1.7999268 -2.8599854 4.2199707 0.98999023 
1363764932 13.0 24.320007 -15.72998 3.0999756 -3.6499634 12.190002 7.199951 -1.1599731 -3.0700073 4.380005 1.4000244 -7.450012 9.320007 -15.190002 3.130005 3.0699463 -4.2699585 
1363764974 30.0 23.390015 -7.880005 -15.889954 3.369995 13.2699585 12.080017 0.34002686 -3.1800537 -15.969971 14.109985 -0.23999023 6.1500244 -3.0599976 -2.1600342 -7.0200195 0.69000244 
1363765984 -17.0 -54.569946 -22.300049 3.5300293 -8.430054 3.0899658 51.640015 26.210083 1.6300049 9.640015 -5.1800537 -0.6199951 5.9399414 -12.899902 6.23999 1.5999756 1.4499512 
1363765990 31.0 26.210083 1.6300049 9.640015 -5.1800537 -0.6199951 5.9399414 -12.899902 6.23999 1.5999756 1.4499512 -1.8900146 2.380005 -1.5599365 -0.57006836 1.710083 1.4099121 
1363766169 40.0 -14.97998 1.9899902 -6.0598145 -1.1901855 10.180176 -14.350098 -8.100098 7.23999 -11.839844 -2.880127 11.320068 -12.77002 4.8100586 9.429932 -14.139893 5.5598145 
1363766504 14.0 27.780273 -0.4501953 25.0 -15.580078 15.780273 -17.810059 22.429688 -7.699707 11.659668 -16.09961 9.189941 -19.470215 9.970215 -26.860352 12.130371 -17.04004 
1363766647 -127.0 19.589844 -3.659912 -9.97998 12.659912 -15.429932 4.379883 4.180176 15.929932 15.219971 -35.32007 2.170166 13.0 8.059814 25.29004 0.75 -14.26001 
1363766643 -214.0 -18.429932 2.1201172 3.7199707 -13.73999 19.589844 -3.659912 -9.97998 12.659912 -15.429932 4.379883 4.180176 15.929932 15.219971 -35.32007 2.170166 13.0 
1363766643 -12.0 -18.429932 2.1201172 3.7199707 -13.73999 19.589844 -3.659912 -9.97998 12.659912 -15.429932 4.379883 4.180176 15.929932 15.219971 -35.32007 2.170166 13.0 
1363766650 29.0 12.659912 -15.429932 4.379883 4.180176 15.929932 15.219971 -35.32007 2.170166 13.0 8.059814 25.29004 0.75 -14.26001 27.170166 -25.98999 -27.54004 
1363768387 32.0 -8.180023 -1.289978 0.97998047 1.2700195 -1.2600098 -1.9599915 0.7200012 1.1399841 0.64001465 -0.730011 0.3500061 0.05999756 0.38000488 -1.8800049 -0.20999146 0.95999146 
1363768760 -256.0 23.140015 -5.0500183 2.6900024 2.5500183 1.039978 -2.0 -1.9399719 0.9399719 -1.0699768 -0.8699951 -1.1700134 -0.519989 1.3499756 0.66000366 -1.6699829 0.8299866 
1363768797 -271.0 -121.54999 1.0599976 -0.730011 -1.8299866 1.6799927 0.8800049 -0.58999634 -0.040008545 0.049987793 -0.8499756 -1.4600067 1.4000092 0.6499939 -0.020019531 -1.4499817 0.069992065 
1363771428 57.0 30.620026 15.289978 0.86001587 -0.17001343 -0.98999023 2.2600098 3.6399841 -3.100006 -1.0699768 -2.1100159 3.0100098 -2.5899963 1.9599915 1.3899841 3.1600037 1.7799988 
1363772511 -57.0 -40.319977 -3.4200134 -0.2999878 -0.1800232 -0.32998657 0.45999146 0.89001465 -0.8500061 -0.7799988 -0.2000122 1.7600098 2.1100159 -1.3200073 0.10998535 0.80999756 -2.289978 
1363782626 312.0 195.87988 12.880127 -12.660156 10.590088 -14.22998 -4.6799316 10.51001 -21.900146 11.330078 7.25 -14.670166 8.970215 3.3098145 -11.309814 8.27002 -7.090088 
1363783042 -49.0 -6.459961 4.1499634 0.5300293 -2.75 1.5199585 -4.039978 2.3499756 1.5200195 -3.7199707 1.8800049 -3.920044 0.39001465 0.98999023 -4.9799805 2.419983 -3.9500122 
1363783384 -20.0 -5.1400146 4.289978 -3.130005 3.9800415 -3.170044 4.1100464 -3.7300415 1.5100098 -2.6099854 5.2699585 -5.5099487 6.5099487 -12.039978 3.6000366 -4.7700195 2.8999634 
1363783402 -104.0 -44.130005 -0.070007324 2.480011 -2.4400024 2.9400024 -2.9100037 2.649994 -5.350006 2.6600037 -2.5100098 0.54000854 1.1100159 -3.130005 3.4400024 -2.8200073 1.5899963 
1363783615 -316.0 -163.89001 -94.609985 0.7200012 0.2899933 -0.16999817 -0.8899994 0.66000366 1.0699921 -0.25 0.020004272 -0.4600067 0.040008545 0.05000305 0.6299896 -1.8799896 0.11000061 
1363791152 397.0 152.70001 29.209991 2.350006 -2.3200073 -1.0999756 0.15997314 0.87002563 -0.6800232 -0.789978 2.0499878 -2.2399902 -0.7000122 1.4400024 0.32000732 -2.2700195 0.11001587 
1363792201 40.0 28.519997 -2.399994 -0.41000366 0.91000366 -0.91999817 -0.13000488 1.2600098 -1.5299988 0.07998657 0.6200104 -0.020004272 -0.16000366 0.40000916 -0.65000916 0.13000488 0.3600006 
1363793474 -63.0 -46.050003 0.5399933 -0.7400055 -0.42999268 0.19999695 -0.05999756 0.42999268 0.4600067 -3.1399994 0.83000183 0.81999207 1.25 -1.4199982 -0.42999268 -0.37001038 0.0 
1363793948 401.0 211.48 133.03998 22.100037 0.6199951 2.419983 0.89001465 -0.34002686 -0.6499634 -0.32000732 0.2199707 0.2999878 0.19000244 0.47003174 0.25 0.13000488 2.289978 
1363794515 -403.0 -296.5 -88.94 0.27000427 0.48999023 -0.43998718 -0.55000305 3.399994 3.8099976 0.37001038 -2.3400116 -4.939987 0.039993286 -0.13000488 0.3400116 0.33999634 -0.05999756 
1363798410 421.0 185.25 35.619995 -2.5700073 0.05999756 1.5599976 -1.0499878 -2.3599854 -0.64001465 4.420044 -0.84002686 -0.9000244 1.0900269 2.119995 -1.6799927 -1.289978 1.0099487 
1363798865 -408.0 -194.61 0.17999268 -0.55999756 1.199997 0.010009766 -1.1900024 0.009994507 0.5700073 -1.230011 0.55000305 0.43000793 -1.2799988 1.5099945 -0.009994507 -0.40000916 0.15000916 
1363801631 398.0 230.53 98.5 1.3499756 -0.70996094 1.9899902 -1.9199829 -0.46002197 -0.69000244 3.380005 -1.5 -2.5200195 445.17004 2030.0299 -18.46997 -20.159912 -9.9001465 
1363801632 167.0 98.5 1.3499756 -0.70996094 1.9899902 -1.9199829 -0.46002197 -0.69000244 3.380005 -1.5 -2.5200195 445.17004 2030.0299 -18.46997 -20.159912 -9.9001465 -1.1098633 
1363805854 -32.0 -12.630005 1.4499817 -1.8899841 0.41000366 1.019989 -1.6199951 0.3999939 1.7200012 -2.5899963 0.75 0.5299988 -1.9100037 0.55000305 -0.08000183 -1.1299896 1.3499908 
1363805924 59.0 48.87001 14.019989 -0.38000488 1.8900146 -3.4200134 0.6799927 1.3600159 -2.9400024 -0.070007324 1.730011 -2.5700073 0.41000366 1.1900024 -1.9299927 -0.17001343 1.7799988 
1363806178 -59.0 -34.79001 -1.6699982 1.5599976 -1.7899933 1.8600006 -2.0600128 1.8400116 -2.3100128 1.2000122 -1.4500122 0.89001465 14.399994 9.869995 -4.1600037 -1.5899963 0.6000061 
1363807721 50.0 52.219986 -0.3500061 -1.7599792 -4.779999 -0.17999268 0.18997192 -1.1899719 -0.8300171 -0.35998535 -0.62002563 -0.43997192 0.30999756 -0.2000122 -0.70999146 -0.22000122 -0.49002075 
1363807919 -52.0 -31.550003 -2.550003 0.43000793 1.1199951 -0.30999756 -1.1600037 0.30999756 0.25 -0.75 -0.38000488 0.5700073 0.5 -0.08000183 -0.5399933 -0.18000793 0.5200043 
1363808887 415.0 204.97 62.460022 -0.4800415 -0.44000244 -1.7999878 -0.72998047 -0.6600342 0.32000732 1.2200317 0.5 2.1400146 0.3199463 0.80999756 0.4000244 -0.23999023 -2.080017 
1363809262 -394.0 -382.48 -42.589996 -1.6399841 1.9099731 -1.4299927 0.8500061 -0.269989 -0.55999756 0.11999512 0.25 0.769989 -0.02999878 -1.0499878 -0.05001831 3.1400146 -0.24002075 
1363814171 -273.0 -149.82 -59.179993 0.17999268 1.019989 -2.2399902 -3.3200073 -8.809998 13.179993 -12.859985 -5.9400024 0.8800049 -1.2400208 0.23001099 15.809998 -0.54000854 -1.4299927 
1363814991 -323.0 -8.780029 -1.880127 -1150.3899 -451.02002 -3.4899902 -2.0200195 0.7300415 2.369995 -0.85998535 -1.4100342 0.11999512 3.7200317 -77.410034 -124.97998 3.6799927 -1.6000061 
1363814994 -260.0 -451.02002 -3.4899902 -2.0200195 0.7300415 2.369995 -0.85998535 -1.4100342 0.11999512 3.7200317 -77.410034 -124.97998 3.6799927 -1.6000061 -5.0799866 -1.9200134 -13.099976 
1363815004 -319.0 -124.97998 3.6799927 -1.6000061 -5.0799866 -1.9200134 -13.099976 -8.050018 1.7200012 10.160004 0.7000122 0.8999939 -9.76001 11.050018 11.529999 -7.3200073 0.010009766 
1363815004 -156.0 -124.97998 3.6799927 -1.6000061 -5.0799866 -1.9200134 -13.099976 -8.050018 1.7200012 10.160004 0.7000122 0.8999939 -9.76001 11.050018 11.529999 -7.3200073 0.010009766 
1363822778 35.0 15.230003 0.30000305 -0.2400055 0.94000244 0.31999207 -1.6199951 1.050003 0.6199951 -0.6199951 0.099990845 0.25 0.3400116 2.9199982 -0.9700012 0.95999146 -0.83000183 
1363822879 -34.0 -11.730003 0.0 -7.649994 0.0 0.4300003 0.0 0.29999542 -0.19999695 1.0099945 -0.6899948 -0.4900055 0.09000397 0.8600006 -1.3300018 0.05000305 0.83999634 
1363828970 282.0 104.66 0.20999146 -1.4499817 0.19998169 2.5500183 -1.4000244 0.25 0.8300171 -0.17001343 -0.6699829 16.23999 3.0899963 -2.0899963 0.51000977 0.29000854 -1.5800171 
1363829067 -267.0 -138.57 -82.59 1.3600006 -0.81999207 -0.27000427 0.8799896 0.13000488 -0.8600006 1.050003 -0.7899933 -0.29000854 1.2299957 -1.2599945 -0.30000305 1.1800079 -1.0 
1363852009 54.0 49.73999 -0.41000366 -0.90997314 -0.4000244 -0.6799927 -1.0 -0.17999268 -2.4700012 -1.75 0.25 0.049987793 -0.3199768 -1.6500244 -0.7799988 -0.19000244 0.64001465 
1363852435 -54.0 -39.119995 -14.809998 -0.27999878 0.42999268 0.5 0.19999695 0.0900116 -0.13000488 -0.47999573 -0.060012817 -0.02999878 0.980011 0.47000122 0.6199951 -0.66999817 -0.22999573 
1363852480 340.0 193.61002 51.350006 -0.16003418 0.8200073 -36.78 -46.939972 -1.5100098 -2.4500122 -1.9499817 -1.4700012 0.6999817 -0.41000366 0.37002563 -0.61001587 -1.0499878 -0.83999634 
1363852841 -57.0 -6.1901855 3.4702148 13.669922 -11.360107 -10.559814 8.609863 -5.5998535 4.1098633 23.810059 -8.52002 3.9799805 10.0 -19.550049 -0.4699707 9.790039 -9.590088 
1363853384 40.0 16.300018 0.8499756 -1.8499756 2.4299927 -2.9500122 -0.58999634 -2.5700073 1.7000122 -1.3299866 -2.1500244 1.4300232 -1.8300171 2.5500183 -4.330017 1.980011 -3.0100098 
1363854307 10.0 12.309998 0.5299988 2.350006 0.3999939 -1.0699768 -3.4500122 -0.75 -0.69000244 0.9200134 1.1199951 -0.8800049 -1.4899902 -0.49002075 -0.35998535 -0.83999634 -0.1499939 
1363854393 41.0 5.3099976 3.399994 -0.10998535 -1.2700195 -0.049987793 0.10998535 -0.08999634 0.3000183 -7.130005 -0.5 -1.0 0.48999023 1.3300171 1.3099976 -1.2900085 -1.6900024 
1363854985 -355.0 -127.92999 -3.5800018 2.2899933 -1.7299957 1.8100128 -2.2400055 0.95999146 -1.5599976 1.1500092 -0.05999756 17.149994 0.02999878 5.8900146 2.5 -2.1600037 1.6099854 
1363874694 258.0 144.5 -57.879883 33.95996 -0.70996094 -1.5900879 4.7299805 9.660156 2.8798828 2.9699707 -5.9399414 -4.369873 -2.6901855 4.460205 4.819824 1.6899414 -2.75 
1363874800 47.0 15.809998 0.070007324 -5.6600037 -10.470001 1.1199951 -0.22000122 -1.2200012 -0.27999878 0.10998535 0.8500061 -0.16998291 -1.5500183 2.3099976 -0.039978027 -1.6500244 -8.149994 
1363874821 -22.0 -37.380005 1.0599976 -2.8299866 -0.3300171 -0.42999268 1.3699951 1.3300171 2.1999817 -3.3399963 -0.07998657 1.1499939 0.60998535 -3.2200012 1.2900085 0.6300049 2.1799927 
1363874820 55.0 -12.419983 -37.380005 1.0599976 -2.8299866 -0.3300171 -0.42999268 1.3699951 1.3300171 2.1999817 -3.3399963 -0.07998657 1.1499939 0.60998535 -3.2200012 1.2900085 0.6300049 
1363875905 56.0 12.820068 -9.570068 0.5600586 11.47998 1.8999023 9.170166 6.879883 -13.320068 10.709961 0.5900879 -13.659912 13.859863 -5.8999023 -8.399902 11.369873 -11.379883 
1363876243 -37.0 -8.0 -0.269989 -0.32000732 -0.22000122 1.8899841 -1.5299988 -1.2999878 0.60998535 -2.25 0.19000244 -0.20999146 0.14001465 1.7799988 -2.0700073 -0.47000122 1.1399841 
1363880156 64.0 60.859985 -15.890015 1.3300171 -15.450012 -23.940002 -6.9799805 -6.5700073 -20.599976 -7.0300293 3.8499756 -3.829956 -35.460022 -129.59 1.269989 -2.289978 1.9799805 
1363881785 -64.0 -16.779999 -10.01001 -3.5700073 -2.7900085 -7.889984 -3.4500122 -5.75 -6.4100037 -7.269989 -4.26001 10.740021 -7.930023 -7.3299866 -3.8599854 3.9599915 -6.48999 
1363886731 277.0 50.799988 337.45 32.169983 -0.9199829 18.539978 -29.609985 32.140015 -8.799988 4.1099854 -25.720032 0.3300171 -408.8 -2.1900024 2.619995 -1.019989 170.48001 
1363886750 -29.0 -37.44995 -22.410034 -390.41 1.3399963 -1.4099731 -18.670013 58.47 361.59003 13.359985 -16.170044 -7.9299927 -1.1799927 23.220032 -3.1500244 -0.21002197 25.5 
1363886755 19.0 -18.670013 58.47 361.59003 13.359985 -16.170044 -7.9299927 -1.1799927 23.220032 -3.1500244 -0.21002197 25.5 -89.40997 -345.79 -2.019989 1.4599915 -1.3899841 
1363887155 -49.0 -8.700012 -4.580017 -7.619995 -6.4799805 -1.8399658 -5.25 -0.8600464 1.4299927 31.369995 26.450012 4.51001 -6.5700073 -6.669983 0.6799927 6.0200195 6.200012 
1363887214 -16.0 26.369995 15.840027 8.179993 5.039978 -0.22998047 -18.48999 4.8999634 -5.25 -5.950012 -14.899963 -8.350037 -3.2699585 0.9199829 0.90997314 3.9299927 2.210022 
1363887208 -58.0 -16.919983 -18.619995 -13.040039 -5.6099854 1.6199951 7.200012 26.369995 15.840027 8.179993 5.039978 -0.22998047 -18.48999 4.8999634 -5.25 -5.950012 -14.899963 
1363887328 14.0 42.299988 -20.919983 -67.869995 -4.630005 3.1900024 -0.90997314 27.679993 74.52002 15.639954 -62.919983 45.380005 -23.799988 -69.45001 -5.4000244 -0.7199707 -0.6600342 
1363887469 55.0 83.170044 364.06995 9.75 -29.48999 -4.159973 -10.669983 16.630005 -4.800049 24.910034 -22.119995 -48.179993 -376.81 -12.51001 1.3699951 -0.27001953 93.599976 
1363887520 24.0 140.45996 -51.380005 -118.48999 -118.94995 -83.120056 -215.83997 -0.9299927 2.7199707 -0.2999878 1.3400269 112.39996 362.77997 119.44006 -35.80005 -92.119995 -63.799988 
1363887521 -20.0 -51.380005 -118.48999 -118.94995 -83.120056 -215.83997 -0.9299927 2.7199707 -0.2999878 1.3400269 112.39996 362.77997 119.44006 -35.80005 -92.119995 -63.799988 -69.19 
1363887520 52.0 140.45996 -51.380005 -118.48999 -118.94995 -83.120056 -215.83997 -0.9299927 2.7199707 -0.2999878 1.3400269 112.39996 362.77997 119.44006 -35.80005 -92.119995 -63.799988 
1363887677 -12.0 59.30005 25.890015 -0.960083 -38.52002 -396.04993 -292.16003 0.4000244 0.35998535 -1.7399902 -0.4000244 -4.8999634 0.35998535 7.7699585 25.430054 -1.7000122 2.619995 
1363887682 -96.0 -292.16003 0.4000244 0.35998535 -1.7399902 -0.4000244 -4.8999634 0.35998535 7.7699585 25.430054 -1.7000122 2.619995 2.4400024 0.52001953 -1.960022 0.4699707 12.25 
1363887835 12.0 -41.820007 1.4500122 -0.11001587 1.460022 -0.6800232 -1.9799805 12.149994 178.47 44.73999 -79.82001 -12.630005 -81.18997 -38.0 2.3099976 0.38998413 -2.1399841 
1363888193 -12.0 5.370056 -2.2400513 -14.940002 -6.4799805 -35.039978 -18.76001 0.9199829 11.27002 23.839966 -10.969971 -16.78003 0.2800293 -0.22003174 4.9400024 -2.5299683 -2.710022 
1363888203 -57.0 -16.78003 0.2800293 -0.22003174 4.9400024 -2.5299683 -2.710022 6.590027 -4.299988 0.50994873 -2.3499756 0.38000488 3.7299805 -3.869995 0.6300049 2.2700195 -3.419983 
1363888249 24.0 36.059998 13.300049 -0.77001953 -3.4700317 -19.21997 -18.669983 -14.150024 -13.309998 4.1099854 4.380005 6.6900024 11.200012 1.1799927 8.51001 -1.5200195 0.73999023 
1363888282 -27.0 -31.929993 -17.210022 16.73999 13.990051 13.849976 16.5 -2.0599976 -5.1500244 -50.130005 -49.159973 -11.559998 1.6799927 17.830017 22.789978 11.01001 -1.2700195 
1363888352 -40.0 -12.029968 -1.6799927 6.039978 -4.0 14.01001 -9.599976 1.6999512 0.73999023 -1.3999634 4.1900024 -13.630005 11.159973 1.6199951 4.630005 0.0 -5.380005 
1363888398 40.0 10.130005 -3.9000244 5.4400024 -10.690002 0.960022 5.8599854 -3.4299927 2.880005 -7.460022 3.0100098 -6.919983 6.8599854 -1.9400024 -3.0100098 8.940002 -4.880005 
1363888419 22.0 -164.64996 2.630005 -1.420044 0.17004395 -3.6799927 0.2999878 -2.9000244 0.64001465 2.130005 -2.830017 3.5200195 -3.1799927 2.9400024 -2.9299927 -0.070007324 -1.2999878 
1363888488 23.0 18.660034 -6.1799927 5.23999 -4.7800293 47.080017 133.62 -20.130005 -39.98999 -5.330017 -127.92999 -0.35998535 1.7700195 -2.5500488 2.5100098 0.5800171 0.3300171 
1363888553 29.0 92.14996 -16.71997 -18.919983 -44.580017 -87.140015 7.299988 5.960022 -2.8599854 2.5299683 -4.3599854 -0.5999756 -0.17004395 -3.0599976 3.960022 -2.0 1.0800171 
1363888556 -20.0 -44.580017 -87.140015 7.299988 5.960022 -2.8599854 2.5299683 -4.3599854 -0.5999756 -0.17004395 -3.0599976 3.960022 -2.0 1.0800171 0.55999756 -2.710022 4.0999756 
1363888794 -56.0 5.3500366 2.8599854 -2.0100098 -3.4299927 -2.7200317 0.4300537 2.579956 0.17999268 2.130005 -0.9199829 1.4299927 -2.080017 -3.169983 1.3900146 3.0899658 -2.9899902 
1363889163 -15.0 -6.0 3.539978 -2.5599976 0.5499878 -0.30999756 1.8099976 -7.0199585 -2.1400146 -0.79003906 -0.55999756 2.960022 4.5300293 1.329956 1.7800293 -3.9000244 -0.25 
1363889246 -73.0 -10.609985 -0.8200073 0.030029297 2.4699707 5.01001 -8.850037 2.3700562 8.039978 -6.2299805 -3.0700073 7.9299927 -5.830017 -2.039978 -1.5100098 2.039978 2.25 
1363889606 -225.0 -120.54001 0.010009766 -0.22998047 3.2099915 6.019989 -6.25 -2.100006 -1.4499817 16.429993 -1.6600037 -1.2799988 1.4400024 -0.1499939 -0.6199951 -0.11001587 8.779999 
1363889614 27.0 16.429993 -1.6600037 -1.2799988 1.4400024 -0.1499939 -0.6199951 -0.11001587 8.779999 3.0700073 -1.3699951 -0.20999146 -0.040008545 0.22000122 0.75 0.63998413 -1.4899902 
1363890580 256.0 141.72003 13.589966 -6.5999756 -4.3599854 1.6300049 4.169983 9.539978 3.2400513 -4.210022 7.080017 -4.130005 -1.2200317 2.869995 -3.0299683 -9.350037 0.3300171 
1363890670 -278.0 11.849976 -0.14996338 -0.15002441 2.8499756 -0.8899536 0.049987793 0.72998047 3.7300415 0.3199463 -0.5999756 4.73999 -5.839966 3.3599854 3.369995 -2.4400024 14.900024 
1363890681 -220.0 -5.839966 3.3599854 3.369995 -2.4400024 14.900024 -5.380005 2.1499634 0.36999512 -41.309998 -153.34998 -6.700012 -1.3300171 -1.4099731 4.6099854 5.299988 -13.47998 
1363890690 -223.0 -153.34998 -6.700012 -1.3300171 -1.4099731 4.6099854 5.299988 -13.47998 2.9899902 0.36999512 -3.3099976 4.8099976 2.0300293 0.69000244 0.19000244 3.9099731 0.16998291 
1363891895 -65.0 -36.579987 -0.33999634 3.4099731 -4.019989 3.4400024 -2.7000122 1.5700073 -0.2999878 0.50997925 -0.97998047 -0.13000488 0.48999023 -0.50997925 -0.64001465 -18.089996 1.6400146 
1363891953 89.0 35.850006 0.16998291 -0.269989 1.0899963 -1.8500061 1.0700073 -0.33999634 2.0899963 -0.9200134 0.9200134 -0.6799927 1.9599915 -2.5 1.1000061 -1.0400085 0.55999756 
1363892296 -57.0 -44.5 -16.839996 0.16000366 -1.7000122 1.3800049 0.64001465 -2.130005 -0.21002197 1.2400208 0.8699951 -0.19000244 -0.58999634 0.8800049 1.269989 -2.5299988 3.1799927 
1363892384 -56.0 -32.660004 6.869995 -5.619995 -1.3900146 0.17999268 0.6800232 6.98999 16.329987 -2.5799866 -4.6799927 0.9499817 2.2000122 -4.149994 2.130005 0.6699829 -1.8999939 
1363892432 -47.0 -15.48999 1.3599854 6.850006 2.019989 -7.1099854 2.399994 -0.19000244 -6.8399963 1.0 0.8800049 0.6499939 3.600006 -1.0400085 8.220001 -6.6900024 2.4700012 
1363894796 24.0 41.27002 0.58999634 -1.230011 2.7000122 -4.180023 1.4100037 0.58999634 -1.6299744 5.0 -5.700012 3.0899963 -1.1900024 -1.3800049 2.230011 -3.2999878 1.9799805 
1363894938 -18.0 20.230011 1.6000061 -3.7200012 3.519989 0.8200073 1.0 -0.70999146 -2.899994 -2.1200256 5.1600037 -2.7200012 3.4000244 -1.9000244 2.1400146 -1.0100098 0.27001953 
1363894938 39.0 20.230011 1.6000061 -3.7200012 3.519989 0.8200073 1.0 -0.70999146 -2.899994 -2.1200256 5.1600037 -2.7200012 3.4000244 -1.9000244 2.1400146 -1.0100098 0.27001953 
1363895225 -271.0 -13.52002 1.789978 2.9500122 -4.0 -1.3699951 0.98999023 -0.6199951 0.19000244 0.77001953 -146.79001 -33.48001 5.6799927 1.4400024 -6.3200073 -0.769989 3.6799927 
1363895234 -156.0 -146.79001 -33.48001 5.6799927 1.4400024 -6.3200073 -0.769989 3.6799927 -4.23999 -0.02999878 0.29000854 2.1399841 -3.4100037 1.7099915 32.80002 56.649994 -22.880005 
1363896036 276.0 152.28998 -0.039978027 -4.6400146 4.5300293 -8.190002 9.639954 7.130005 0.960022 -6.659973 -2.4400024 -8.420044 -5.959961 -4.6900024 7.880005 5.829956 -1.7199707 
1363896108 -317.0 -187.46997 -17.720032 24.710022 3.709961 -4.7199707 -1.6400146 -1.2399902 -5.4799805 8.719971 -14.380005 -1.0599976 21.480042 -3.3900146 5.4799805 1.0900269 -11.900024 
1363896303 273.0 145.12 11.51001 7.710022 -3.1400146 -7.5300293 -0.8499756 4.3599854 -0.8699951 -0.55999756 9.450012 -11.350037 8.790039 0.8499756 -7.9799805 1.0299683 3.4700317 
1363896859 -315.0 -167.88995 2.6799927 11.649963 -2.9699707 -16.900024 -0.8399658 -5.450012 -7.3499756 2.289978 20.130005 -7.299988 0.97998047 -1.3300171 -7.039978 13.899963 -0.95996094 
1363898446 262.0 162.38998 65.33002 -6.9800415 0.14001465 2.3200073 8.039978 -9.819946 -0.39001465 1.2299805 -0.4500122 5.4800415 9.779968 1.4899902 1.8600464 -3.8099976 0.72998047 
1363898644 -58.0 -76.22998 -5.220215 -3.6398926 1.869873 6.2402344 -2.0800781 -7.949951 -0.57006836 5.459961 7.98999 -6.879883 -7.3601074 6.76001 0.060058594 -5.5600586 -5.619873 
1363898902 -312.0 -210.04999 -20.190002 3.8399963 0.79000854 -11.350006 0.41000366 -5.230011 -8.25 2.2400208 -5.4000244 5.960022 1.1900024 14.189972 -18.409973 0.85998535 -17.209991 
1363902766 294.0 170.26999 86.42999 -0.75 -8.379974 -7.200012 -2.75 0.0 4.980011 0.0 -2.980011 0.0 1.9100037 0.0 -2.75 -0.33999634 1.5599976 
1363902877 -43.0 32.809998 1.3699951 -1.9599915 -1.7999878 0.32998657 1.4700012 -2.3200073 0.13000488 -0.6999817 1.3299866 -0.73999023 -0.1000061 -0.040008545 2.6799927 -2.25 4.529999 
1363903012 -283.0 -124.48999 17.880005 -2.0899963 -3.130005 1.3699951 1.7000122 -2.8399963 1.7799988 -2.0100098 0.7000122 0.8999939 -1.8300171 20.27002 -2.7400208 0.23001099 -1.4400024 
1363903630 -36.0 -14.029999 -3.960022 0.710022 0.85998535 -1.2999878 1.8200073 0.3999939 -1.0200195 -0.8299866 0.29000854 1.4499817 -1.4499817 0.97998047 0.33999634 -1.1499939 1.3300171 
1363938183 372.0 160.94 89.00003 37.349976 1.0100098 1.9099731 1.4100342 0.099975586 0.25 -1.1699829 -0.59002686 0.10998535 -1.2799683 0.9000244 0.3499756 0.27996826 -0.10998535 
1363938675 41.0 -5.4700317 3.8600464 -1.5700073 0.9199829 47.330017 132.82 -177.79004 0.38000488 -2.619995 0.5300293 1.3399658 -0.11999512 -0.2199707 1.8499756 -2.1400146 0.52001953 
1363938755 15.0 6.2199707 5.409912 -3.5100098 -2.0297852 1.1499023 -0.42993164 -0.6501465 -6.1799316 -2.2199707 0.6398926 0.40014648 -1.9799805 1.0498047 -4.079834 -3.6899414 7.569824 
1363938774 -109.0 -122.79004 -2.330017 7.630005 7.0200195 0.27001953 0.2199707 -4.8499756 -0.72003174 6.4700317 -8.26001 -13.580017 -3.119995 -0.10998535 -1.1099854 -0.6300049 109.359985 
1363939817 40.0 6.73999 -3.869995 -1.960022 -0.82995605 0.28997803 0.9699707 0.6300049 -5.1399536 -0.44000244 -0.8800049 1.6099854 1.1499634 -2.419983 1.2999878 -2.1399536 1.6300049 
1363940236 24.0 9.019989 3.7800293 0.19000244 -0.76000977 -2.1400146 -2.5200195 -0.6399536 -0.5500488 0.9100342 0.89001465 -2.0200195 0.48999023 0.27001953 0.32995605 -1.4899902 -1.7600098 
1363940786 -313.0 -143.20999 17.629974 -4.0599976 1.0100098 -0.730011 -0.7200012 -0.039978027 -1.2200012 1.0799866 -4.3399963 1.8600159 -5.110016 -0.480011 -0.25997925 0.91000366 -0.6500244 
1363941621 49.0 27.410004 19.619995 0.22000122 1.5599976 -2.119995 3.539978 -3.1099854 0.5799866 -2.119995 0.25 2.9599915 4.7700195 -4.980011 -0.33999634 -0.070007324 -0.02999878 
1363945152 316.0 206.47 40.309998 -0.010009766 2.290039 2.3899536 0.35003662 -2.3000488 2.2300415 0.30999756 2.8099976 -4.160034 3.8099976 -2.669983 -0.22998047 1.0100098 -1.6900024 
1363945606 -314.0 -250.58997 -29.339996 -0.55999756 2.1099854 -3.2900085 -0.22000122 1.960022 0.08999634 4.6999817 -3.7099915 0.040008545 -1.2099915 0.73999023 0.5700073 -3.2200012 0.8500061 
1363946221 -62.0 -35.630005 -5.3099976 -1.1799927 -0.11001587 -0.3199768 1.769989 -0.36999512 -2.3399963 2.3599854 0.58999634 -1.5999756 0.87997437 0.41000366 -2.519989 0.94000244 1.6900024 
1363970472 287.0 180.81 77.94 -3.4899902 -0.33999634 0.73999023 -1.6900024 1.5500183 2.189972 -0.75997925 -0.66000366 2.269989 1.5800171 -2.8900146 0.3000183 1.7999878 -2.9700012 
1363971411 19.0 13.48999 -2.6599731 -0.27001953 2.0200195 -0.60998535 -3.5700073 -0.710022 0.75 1.2600098 0.0 -0.52996826 -0.030029297 -0.17999268 2.0100098 -2.9400024 0.14001465 
1363971730 34.0 5.2400513 -3.880005 3.369995 -2.2600098 -0.14001465 -0.7999878 -1.7200317 2.3600464 -4.2800293 4.0300293 -3.330017 0.070007324 -0.77001953 -0.9299927 3.2800293 -1.75 
1363973024 -84.0 -28.359985 3.1900024 15.819977 -0.73999023 -23.149994 28.019989 4.519989 -1.1999817 0.2999878 -28.819977 11.779999 -5.51001 11.359985 -31.319977 21.109985 -2.6099854 
1363975237 -290.0 -173.8 1.7799988 -2.6799927 1.449997 -0.13999939 -0.6000061 1.1500092 -2.0899963 2.1799927 -1.6600037 0.480011 0.5099945 -1.6199951 1.8099976 -1.4000092 1.8800049 
1363975726 302.0 165.46002 28.48999 0.4199829 1.6000366 -3.0700073 2.669983 -2.0499878 0.070007324 8.839966 -0.6799927 0.22003174 3.1900024 -4.1500244 0.3499756 1.9300537 -3.8100586 
1363975726 231.0 165.46002 28.48999 0.4199829 1.6000366 -3.0700073 2.669983 -2.0499878 0.070007324 8.839966 -0.6799927 0.22003174 3.1900024 -4.1500244 0.3499756 1.9300537 -3.8100586 
1363976213 -13.0 -79.32999 -0.6999817 -1.6600037 8.829987 -1.6900024 -1.4299927 -0.6199951 0.54000854 0.17999268 0.19000244 -1.0299988 -17.200012 0.730011 0.42999268 -0.50997925 0.5499878 
1363976381 -16.0 -209.34003 -178.79999 -0.76000977 0.42999268 -0.73999023 0.0 212.76001 206.21997 -65.45996 18.339966 -13.789978 31.539978 -40.309998 29.28003 -20.660034 -91.66998 
1363978257 -14.0 161.59003 275.56 -71.900024 -7.9299927 -32.820007 16.210022 13.960022 5.039978 -25.169983 -13.800049 -132.23999 -192.39001 -0.55999756 0.47003174 3.1099854 162.35004 
1363978264 -78.0 5.039978 -25.169983 -13.800049 -132.23999 -192.39001 -0.55999756 0.47003174 3.1099854 162.35004 253.63995 -53.099976 -34.539978 22.339966 370.91998 -28.150024 207.44006 
1363978568 -317.0 -213.3999 -11.360107 2.6201172 -1.7099609 89.049805 246.09009 50.71997 -85.68994 -5.76001 10.439941 -10.199951 5.2299805 -3.8598633 2.5100098 -115.920166 -193.5 
1363981247 12.0 -6.48999 4.5599976 -17.47998 -5.8200073 -5.76001 -4.8900146 -6.329956 -3.9700317 -6.169983 -8.700012 -1.9099731 -14.900024 0.89001465 -15.340027 1.4400024 14.02002 
1363988628 294.0 150.16002 6.8499756 0.3500061 0.38000488 -1.6600037 1.25 1.0800171 -2.4900208 1.3099976 0.77001953 -0.29000854 -1.4599915 -0.6000061 1.0100098 -2.710022 1.960022 
1363988629 31.0 6.8499756 0.3500061 0.38000488 -1.6600037 1.25 1.0800171 -2.4900208 1.3099976 0.77001953 -0.29000854 -1.4599915 -0.6000061 1.0100098 -2.710022 1.960022 0.539978 
1363989780 -310.0 -226.26001 6.5899963 4.389984 -6.389984 -24.549988 11.099976 11.650024 -10.610016 -10.389984 -4.860016 5.110016 8.470001 10.799988 1.9700012 -18.130005 4.649994 
1363990475 36.0 7.450012 0.11999512 1.6900024 2.7399902 -3.9200134 -1.3299866 1.6700134 0.02999878 -6.1500244 -1.3299866 4.649994 4.0599976 1.3300171 -2.130005 -0.75 25.410004 
1363990608 296.0 116.58002 4.8499756 0.2999878 2.869995 1.7700195 1.1900024 -1.8900146 -0.25 -0.2699585 -2.7000122 0.11999512 0.60998535 -1.4599609 2.9899902 -0.040039062 -4.209961 
1363990951 -294.0 -155.23001 -55.579987 -0.3000183 -13.869995 -2.380005 -20.839996 -15.949982 -5.7900085 7.8399963 0.61001587 3.0 -5.1500244 -1.4099731 13.349976 12.860016 0.0 
1363994497 211.0 141.5 -21.580017 -1.5 -1.4400024 0.1800232 0.6499939 -0.5 1.3999939 -1.4899902 1.3099976 -0.8300171 1.4300232 -0.69000244 -0.74002075 0.76000977 -1.0700073 
1363994658 -43.0 -19.329987 0.0 -2.2999878 0.0 -0.27999878 5.4799805 4.2900085 -3.1100159 -2.649994 -4.289978 -6.0700073 1.6799927 1.7099915 -0.6000061 1.6900024 -1.2099915 
1363994663 14.0 5.4799805 4.2900085 -3.1100159 -2.649994 -4.289978 -6.0700073 1.6799927 1.7099915 -0.6000061 1.6900024 -1.2099915 0.83999634 -1.9100037 2.6900024 -1.4199829 0.269989 
1363994828 -205.0 -101.75 15.75 -1.3099976 -1.4199982 0.9299927 -1.019989 0.6599884 -0.47999573 0.44999695 0.010009766 -0.23001099 -0.16999817 -0.11999512 0.7899933 -0.83999634 1.0700073 
1363995495 -28.0 143.29001 3.4500122 -4.1500244 0.54000854 -0.8699951 -0.19000244 -0.25 -0.010009766 -0.30999756 0.4000244 -0.1800232 0.0 -0.7799988 0.13000488 0.0 1.0599976 
1363995515 -257.0 -131.12997 -22.130005 0.13000488 -0.41000366 -0.99002075 0.52001953 0.25 0.1000061 -0.05001831 -0.3500061 -0.099975586 -0.1800232 0.6800232 0.519989 -15.829987 -1.6400146 
1364024423 282.0 113.78003 53.94998 -8.029999 -0.7000122 -1.8599854 1.5700073 0.19000244 -0.44000244 0.039978027 -0.27999878 1.0600281 -1.3300171 -0.54000854 0.76000977 0.010009766 -0.74002075 
1364024610 60.0 11.670166 -9.420166 -1.1999512 6.550049 -8.209961 -0.57006836 4.879883 5.080078 1.8701172 5.699951 -4.209961 -0.4699707 8.539795 -14.030029 0.12011719 11.419922 
1364025281 -276.0 -139.22 -21.309998 -0.22000122 1.5799866 -1.5099792 -0.8300171 1.4900208 -0.16000366 -0.8300171 0.13000488 0.55999756 -1.6199951 0.1000061 2.2900085 -1.3300171 -1.0400085 
1364025690 286.0 92.73001 -1.9500122 -3.0599976 0.77001953 1.4799805 -2.6399841 0.06997681 1.9000244 -1.9900208 0.27001953 0.7999878 -2.100006 -0.3199768 0.1499939 -5.360016 -0.05999756 
1364025919 -42.0 -5.470001 0.0 -0.2999878 0.0 1.5100098 0.0 0.33999634 -2.330017 1.7200012 -0.42999268 0.0 1.6799927 -2.4899902 0.6499939 1.0899963 -1.7399902 
1364026037 23.0 1555.32 -6.9799805 1.0400391 -9.159912 -5.7299805 6.7697754 -2.7399902 -4.959961 6.26001 0.13012695 -10.130127 2.920166 1.0498047 -10.919922 6.629883 4.0700684 
1364026040 -33.0 -9.159912 -5.7299805 6.7697754 -2.7399902 -4.959961 6.26001 0.13012695 -10.130127 2.920166 1.0498047 -10.919922 6.629883 4.0700684 -12.23999 21.169922 4.880127 
1364026179 32.0 11.050049 2.7600098 -3.3499756 -3.4699707 5.0198975 2.0300293 -3.3399658 -1.8699951 6.419922 3.7399902 -4.869873 -6.590088 -0.35998535 1.9000244 -8.540039 0.57006836 
1364026187 -44.0 6.419922 3.7399902 -4.869873 -6.590088 -0.35998535 1.9000244 -8.540039 0.57006836 4.6499023 -3.1398926 -6.01001 6.1499023 2.1600342 -7.1899414 1.5899658 5.1800537 
1364026193 -98.0 -8.540039 0.57006836 4.6499023 -3.1398926 -6.01001 6.1499023 2.1600342 -7.1899414 1.5899658 5.1800537 -2.6800537 -6.8499756 2.3399658 4.3200684 1.6199951 -1.210083 
1364026674 21.0 24.390015 -1.5700684 1.960083 2.289917 1.7900391 -0.5699463 -4.590088 -3.659912 -39.230103 -1.7099609 -0.15002441 0.3400879 -5.1101074 -2.1899414 0.0 0.11999512 
1364026714 -76.0 -417.41998 0.789978 0.24002075 -0.8500061 -0.26000977 -0.1000061 0.44000244 -1.0499878 0.17999268 -0.6000061 -0.4199829 0.60998535 -0.1499939 -0.16998291 0.75 -0.060028076 
1364028374 -283.0 -154.14 -0.37998962 0.25 0.30000305 -0.21000671 0.5200043 -0.47000122 -0.16000366 -0.05999756 0.11999512 0.11000061 0.26000977 -0.26000977 0.3600006 0.16000366 0.16999817 
1364030428 26.0 12.160004 -2.3599854 -0.9500122 -0.9500122 0.22000122 1.0700073 -0.47000122 -0.2999878 0.039978027 0.7000122 0.2000122 -0.11001587 -0.70999146 0.070007324 0.539978 0.3000183 
1364032360 48.0 29.060013 1.3699951 -0.9200134 0.27001953 0.35998535 0.2999878 -0.009979248 -0.69000244 -0.8200073 0.55999756 1.4200134 -0.730011 -1.3599854 0.6999817 0.76000977 0.47000122 
1364032614 -51.0 -49.78 -4.8200073 0.7299957 -1.1799927 -0.29000854 0.5600128 0.48999023 -0.41999817 -0.41999817 0.17999268 0.11000061 -0.1599884 -0.47000122 -0.29000854 0.27000427 0.3999939 
1364037762 59.0 25.050003 1.2400055 -0.30000305 -1.3899994 1.8099976 -1.0099945 0.41000366 1.5499878 -2.2999878 1.0099945 -0.11999512 -0.31001282 1.6500092 -1.9300079 0.66000366 0.27000427 
1364039726 -59.0 -49.190002 -9.779991 0.5400009 -1.1500015 0.29999542 -0.17999268 0.7299957 -0.9300003 0.13999939 -0.29000092 0.44000244 0.08999634 -0.44999695 0.19000244 -0.099998474 0.5699997 
1364039769 48.0 39.910004 11.329987 -1.25 -0.32998657 1.0399933 0.11000061 -0.83999634 -0.010009766 0.16000366 0.9700012 -0.11000061 -0.7100067 -0.13999939 0.21000671 0.47999573 -1.3999939 
1364040241 -263.0 -174.11002 -23.429993 -0.30999756 1.0399933 -1.3899994 -0.009994507 0.009994507 0.13999939 0.22000122 -0.13000488 0.15000916 0.33999634 0.16000366 0.17999268 0.6300049 -1.0099945 
