1363597157 52.0 32.520004 16.369995 -0.47999573 -0.33999634 -0.27000427 0.6799927 0.30999756 -0.7299957 -0.30000305 0.8200073 0.039993286 0.38000488 -0.3600006 -0.1499939 -0.32000732 20.809998 
1363597681 -53.0 -49.37999 -3.2400055 1.5099945 -1.2899933 -1.1199951 1.2899933 -0.13000488 2.0 -0.41999817 -7.619995 1.7200012 -3.550003 -0.1000061 0.6399994 -1.8099976 0.94000244 
1363598411 53.0 48.929993 -3.0899963 -2.0599976 1.1300049 -6.369995 -1.1499939 -0.6199951 0.60998535 0.049987793 -0.02999878 -0.4499817 0.66000366 1.1199951 -1.2900085 -0.5299988 0.010009766 
1363601318 -53.0 -31.29 0.9599991 -0.87000275 2.6299973 -1.859993 0.44999695 0.12999725 -0.51999664 1.7600021 -1.5300064 0.6500015 -1.0699997 0.9599991 -0.11999512 -0.1800003 0.6800003 
1363601991 53.0 39.35 11.330002 0.69999695 -0.7599945 0.7899933 -0.45999146 0.0 0.95999146 -0.9799957 -0.040008545 1.1700134 -1.4200134 0.54000854 0.0 -0.29000854 0.8700104 
1363607820 -52.0 -47.809998 -3.480011 0.66000366 1.9599915 -2.769989 0.29000854 1.5499878 -2.2000122 1.2000122 -1.4200134 -1.75 -5.4599915 1.7000122 -2.7600098 0.58999634 1.0 
1363609218 52.0 35.72003 -4.7800293 1.3300171 2.0299683 -3.7600098 4.1100464 -3.3500366 0.8699951 0.6600342 -3.3099976 3.630005 -4.25 3.1099854 -1.2399902 0.05999756 1.25 
1363609440 -52.0 -45.399994 -2.25 0.72998047 0.5800171 -0.6000061 1.7600098 -2.5599976 2.3199768 -4.3399963 2.460022 -3.980011 2.630005 -3.8900146 2.5700073 -3.480011 2.7400208 
1363611652 51.0 28.799988 -1.2599792 -0.51000977 0.6300049 -0.74002075 -0.4199829 -0.040008545 0.2999878 0.2000122 0.30999756 0.19000244 0.44000244 -1.1700134 -0.13998413 0.8999939 -0.6000061 
1363611880 -51.0 -40.65001 -8.419998 1.0299988 -0.9299927 -0.38000488 0.18000793 0.3600006 0.2899933 0.11000061 0.22000122 -0.27999878 -0.16000366 -0.2599945 0.13999939 -0.66999817 0.2999878 
1363689256 51.0 32.799988 -1.8499908 0.019989014 -1.4099884 -0.27000427 0.25 -0.9799957 0.4099884 1.2600098 1.0599976 -0.94999695 -0.11000061 0.83999634 0.33999634 -0.19000244 0.51000977 
1363689714 -53.0 -51.270004 -1.2899933 1.0800018 -0.5200043 -1.7100067 0.6100006 0.66000366 0.6499939 -0.98999023 0.83000183 1.3199921 -1.0299988 -1.0599976 0.7899933 -0.05999756 -1.5 
1363691222 52.0 29.25998 -0.7999878 -1.8600159 1.4700012 -1.4400024 -1.3899841 22.589996 38.380005 1.5499878 0.6800232 -1.3300171 -0.63998413 -0.30999756 0.6699829 -0.45999146 -0.76000977 
1363691848 -53.0 -41.5 -11.839996 -0.040008545 1.3099976 0.5700073 -1.0700073 -0.039978027 -0.21002197 1.5900269 -0.54000854 -0.8200073 -0.32998657 0.94000244 0.60998535 -0.42999268 -0.49002075 
1363692901 53.0 55.919983 -3.8899841 0.0 0.3999939 0.0 -0.27999878 0.0 -0.6000061 0.0 -0.55999756 1.1199951 0.24002075 -1.5599976 1.2399902 0.5299988 -1.269989 
1363693134 -53.0 -40.169983 -2.0 0.48999023 0.9200134 -1.25 0.02999878 1.6199951 -1.2799988 -0.27999878 1.6099854 -1.25 -0.32998657 0.5 -0.730011 -1.2399902 1.3500061 
1363694460 52.0 45.28 7.2100067 -1.3099976 0.80000305 0.2599945 -1.6199951 -0.8400116 0.69000244 -0.75 -0.099990845 0.58999634 0.7899933 -1.1699982 0.83000183 1.4400024 -1.3399963 
1363695383 -52.0 -27.260002 -0.33000183 0.6800003 0.099998474 -0.37000275 0.060005188 0.19999695 0.87000275 -1.1699982 0.35999298 0.41000366 -0.20999908 0.36999512 -1.1799927 -0.010002136 -0.040000916 
1363696998 52.0 26.919998 -1.3700104 -0.43998718 -0.5600128 0.13999939 0.4900055 0.05999756 -0.80000305 0.5 0.53001404 0.269989 -1.2799988 0.08000183 0.2599945 0.13000488 0.79000854 
1363697201 -52.0 -41.17 -0.40000916 -0.59999084 1.5599976 -1.3300018 0.70999146 0.90000916 -0.83999634 0.42999268 -1.1600037 -0.36999512 1.5699921 -2.1299896 0.83999634 0.2899933 -0.769989 
1363698192 52.0 46.14 -3.569992 -0.010009766 -0.1499939 -0.32000732 -0.31999207 -0.22000122 0.58000183 0.039993286 -0.069992065 -0.3400116 -0.13999939 -0.17999268 0.47000122 -0.3899994 0.19000244 
1363703756 -52.0 -46.29 -3.7199936 0.40999603 1.3799973 -1.3600006 0.9600067 0.33999634 0.09000397 -0.6300049 -0.20999908 -0.9599991 0.30999756 0.45000458 -0.8100052 0.010002136 -0.05999756 
1363705207 52.0 52.270004 0.0 -2.6900024 0.0 -0.16999817 0.0 0.05999756 0.2400055 -0.7700043 1.8099976 -1.9100037 1.5200043 -0.7700043 0.9900055 -0.6000061 0.38000488 
1363705390 -51.0 -31.279999 -19.600006 -0.11000061 0.47000122 0.6399994 -0.80000305 0.5099945 -0.18998718 0.55999756 -0.7200012 -1.050003 0.4600067 0.80999756 -0.41000366 -0.81999207 0.31999207 
1363706254 52.0 48.72 0.0 0.7400055 0.0 -0.1000061 0.0 -0.4600067 -0.58999634 0.30000305 0.0 -0.47999573 0.47000122 1.3699951 -1.3600006 0.05999756 0.3899994 
1363709939 -51.0 -34.47 -14.580002 0.7700043 0.5799866 0.14001465 -0.3600006 0.41999817 -0.1000061 -1.7099915 0.2899933 0.2599945 0.91000366 -1.0 0.6100006 0.3899994 -0.58000183 
1363710991 51.0 45.929993 1.8600159 -0.090026855 -1.0799866 1.2999878 -0.13998413 -1.0100098 0.6499939 1.2799988 -1.2999878 0.0 1.3200073 -1.1000061 -0.6799927 0.88998413 -0.7200012 
1363711150 -49.0 -44.259995 -4.2899933 0.70999146 0.27000427 -1.5400085 0.6000061 1.2599945 -1.2799988 0.8200073 0.1499939 -1.0800018 0.2400055 1.6000061 -2.0299988 0.9299927 0.32000732 
1363773408 52.0 47.47 4.2900085 -3.7999878 -1.3500061 1.7900085 -0.29000854 10.0 -10.380005 0.55999756 0.5800171 -0.7200012 -0.2000122 2.7000122 1.6599731 -2.3799744 1.8999939 
1363773615 -52.0 -46.080017 -6.2900085 2.730011 -2.5799866 1.6499939 -3.3600159 0.47000122 1.730011 -0.47000122 -1.7600098 -0.009979248 3.1299744 -0.6199951 -2.3299866 0.76000977 0.9399719 
1363774328 52.0 44.97998 -5.2299805 -2.9500122 0.6799927 2.7400208 -3.7400208 -0.02999878 1.1400146 -1.4900208 1.2900085 -1.5700073 -1.3099976 2.5 -1.6999817 -0.86001587 1.3999939 
1363774547 -52.0 -51.00998 -0.040008545 0.17001343 -1.1400146 -0.5 -0.05999756 -0.38000488 0.66000366 -0.83999634 4.3200073 -3.5599976 0.33999634 -0.1000061 0.20999146 1.519989 1.6400146 
1363775178 52.0 30.550018 -1.0400085 -0.08001709 1.9200134 -2.2799988 0.16000366 -0.3000183 -0.7799988 0.91000366 0.52001953 -0.2000122 0.83999634 -3.6600037 0.7000122 0.58999634 0.13000488 
1363775415 -52.0 -47.76001 -2.480011 0.44000244 0.16000366 9.529999 -9.459991 1.6900024 -0.4500122 -1.5100098 -0.7799988 1.1000061 0.11999512 -0.25997925 -1.3699951 -1.6700134 -0.38000488 
1363775870 52.0 33.919983 15.850006 1.2900085 -0.1499939 -0.25 0.33999634 -2.2900085 -0.16998291 2.4299927 -2.0500183 2.25 -0.48999023 0.0 -0.07998657 0.0 -0.9300232 
1363776086 -51.0 -23.019989 -1.0400085 0.4300232 -0.46002197 -1.3699951 1.0800171 2.3799744 -1.5599976 -0.16998291 -0.39001465 0.41000366 0.7200012 -1.2200012 0.08999634 0.33999634 1.2200012 
1363778973 52.0 14.740021 -11.600006 10.720001 -0.66000366 1.980011 -1.8500061 -2.8600159 0.5299988 -0.4699707 1.9299927 -2.100006 1.3800049 0.63998413 -1.1499939 -1.5899963 0.83999634 
1363782235 -51.0 -35.859985 -1.5200043 1.2599945 -1.9599915 1.4799957 -0.83000183 1.9100037 -1.7400055 0.94000244 -1.0 0.91000366 -0.8700104 0.55000305 -0.23999023 0.1499939 0.9299927 
1363782756 52.0 29.540009 -3.8400269 -1.2299805 1.3200073 -0.5700073 -0.05999756 0.75997925 -0.25997925 -1.5200195 0.9000244 2.419983 -2.4100037 0.91000366 2.7399902 -3.2999878 0.23001099 
1363782917 -52.0 -39.460022 -7.01001 -4.9299927 1.1099854 0.7300415 -0.5700073 -6.5599976 -1.4000244 -1.2000122 2.5499878 -3.3799438 0.80999756 2.6499634 -2.4500122 2.1400146 -1.0999756 
1363783929 52.0 46.039993 -4.949997 0.5 0.80000305 -1.5800018 0.55000305 0.95999146 -0.75 -0.1599884 1.4799957 -1.1699982 0.80999756 0.17999268 0.5299988 -1.1099854 1.1299896 
1363784126 -53.0 -35.04001 -15.589996 -0.75 0.69000244 0.66000366 0.83000183 0.769989 -0.83000183 -0.17999268 -0.18000793 0.51000977 1.050003 -1.300003 -0.33999634 0.59999084 -0.5299988 
1363785253 52.0 42.67 7.549988 -0.37998962 0.91000366 -0.17001343 -0.31999207 -0.7200012 -0.5200043 0.0 0.08000183 0.79000854 0.049987793 -0.019989014 -0.120010376 0.18000793 0.020004272 
1363785436 -52.0 -28.619995 -0.15000916 -0.80999756 0.08000183 0.2899933 0.3400116 0.32998657 0.6100006 -1.7899933 0.13999939 0.56999207 0.3500061 0.32000732 0.0 -0.9700012 0.58999634 
1363787230 52.0 42.059998 7.0700073 0.20999146 0.8600006 -0.9299927 0.58000183 -0.3500061 0.11000061 0.16999817 -0.6399994 0.11000061 -0.16999817 -0.26000977 0.9900055 -0.38000488 0.6300049 
1363787445 -35.0 -34.939995 -0.19000244 0.90999603 -1.5 0.2400055 0.7999954 -0.7299957 0.18999481 1.1100006 -1.5299988 0.34000397 0.08999634 -0.36999512 -0.09000397 0.37999725 -0.41999817 
1363788156 52.0 30.159996 20.160004 -1.1199951 0.2599945 0.32000732 -0.17001343 -0.049987793 0.11999512 0.13999939 0.5200043 0.12998962 -0.2899933 -0.05000305 0.16999817 -0.009994507 -0.02999878 
1363788392 -52.0 -29.700012 -21.09999 0.5499954 0.27000427 -0.8499985 -0.25 0.5 0.099998474 0.4399948 -0.30999756 -0.010002136 -0.21999359 0.34999847 0.15999603 0.34999847 -0.66999817 
1363789322 33.0 53.809998 -5.580002 -0.1499939 0.33999634 0.08000183 -0.7100067 0.26000977 -0.020004272 0.8200073 -1.3400116 0.80000305 0.120010376 0.11999512 0.5200043 -0.37001038 -0.099990845 
1363789943 -52.0 -44.89 -6.4599915 0.519989 0.44999695 -1.0 0.5700073 0.66999817 -0.6499939 -0.08000183 0.73999023 0.1000061 -1.4799957 0.73999023 0.7100067 -0.91999817 0.069992065 
1363855335 52.0 39.25 8.729996 0.32000732 -0.58000183 0.48999023 1.6399994 -1.6299896 0.7599945 0.54000854 -0.8400116 0.69000244 1.5400085 -1.9100037 -0.44999695 0.9700012 -1.5100098 
1363874021 -51.0 -33.76999 -11.910019 0.44000244 -3.5099945 -1.6500092 0.0 -1.9799957 0.0 -0.069992065 0.0 1.2899933 0.0 -1.5200043 0.0 2.1399994 -1.6599884 
1363874740 51.0 52.49002 -4.3399963 7.7099915 -7.4400024 -1.1100159 1.6300049 0.8699951 0.8500061 -2.3899841 -0.4500122 1.7799988 -1.8800049 0.36001587 0.6000061 1.2999878 0.16000366 
1363874929 -51.0 -30.75998 0.13998413 0.8999939 -1.4100037 0.05001831 0.8500061 -1.0 -1.0700073 -0.38000488 0.33999634 0.3500061 2.019989 -2.3399963 0.6700134 -0.6300049 1.5499878 
1363875618 52.0 32.98001 14.209991 -0.6799927 -0.20999146 -0.99002075 0.29000854 2.1099854 -1.289978 -1.8900146 0.69000244 1.4100037 -2.2900085 -0.98999023 0.51000977 1.8899841 1.9700012 
1363878148 -51.0 19.429993 -4.5599976 -18.580017 27.140015 -227.95999 -164.20999 1.9799805 -1.1999817 7.48999 213.09 219.89001 -27.599976 -20.76001 -17.600037 -6.289978 12.5 
1363878980 51.0 6.9000244 105.139984 333.25003 32.629944 -52.68994 -17.980042 24.27002 -26.5 21.130005 -17.549988 9.349976 -24.119995 -347.04 0.1000061 -0.010009766 -1.6499939 
1363879575 -51.0 -22.539978 -6.340027 -364.35 -0.55999756 0.9700012 -2.539978 14.970001 317.04996 89.36005 -53.03003 -41.919983 12.789978 -11.369995 23.340027 -7.9800415 0.5300293 
1363881272 51.0 5.1900024 1.3999634 1.6799927 -0.08996582 -7.1900024 0.55999756 3.6400146 1.5100098 1.4699707 -2.7700195 -3.289978 -1.8699951 -0.34002686 2.3600464 -0.070007324 -4.0700073 
1363881506 -51.0 -18.400024 -261.05 -106.369995 -0.05999756 -3.0700073 14.410004 253.56998 178.13 -44.830017 -26.869995 32.880005 -23.95996 -0.2300415 -1.2799683 2.1599731 1.8500366 
1363884471 51.0 179.63 321.52002 20.859985 -45.419983 -12.720032 -176.1 -240.45999 1.1499939 0.47000122 -0.16000366 0.16000366 -1.7299805 1.8999939 -1.5299988 4.2299805 199.43002 
1363884690 -51.0 -10.809998 -150.76001 -281.93 -1.6600037 1.3300171 -2.149994 79.29999 306.62 58.609985 -33.77997 -23.559998 -1.5100098 11.469971 -4.049988 7.200012 -21.02002 
1363945359 52.0 30.78003 -4.590027 9.830017 -3.869995 -3.9800415 1.1199951 2.290039 -3.130005 -1.5200195 3.2399902 1.2400513 -3.3000488 0.030029297 6.6099854 -6.3599854 3.8999634 
1363946972 -53.0 -32.47 -0.8699951 1.5 -1.9100037 -0.44000244 4.269989 -2.7799988 0.7000122 1.9799805 2.5 -2.9299927 1.3500061 -2.080017 -1.0999756 0.47998047 0.30999756 
1363947793 52.0 23.470001 -2.039978 -0.61001587 -3.600006 -13.609985 3.9899902 -4.019989 0.5799866 1.2600098 -2.25 5.549988 1.2799988 -0.7799988 -4.1900024 -3.3299866 4.950012 
1363948685 -52.0 -29.199982 0.539978 -1.7999878 1.7200012 -1.5100098 0.010009766 2.4500122 -1.1800232 -0.6999817 1.6300049 -2.5700073 1.4299927 2.769989 -2.0799866 -2.1700134 2.2700195 
1363949135 53.0 45.350006 6.049988 -0.6699829 1.2599792 -1.0 -1.5999756 0.07998657 -0.5700073 0.79000854 -0.6199951 0.79000854 -0.010009766 0.5 -0.61001587 0.3000183 3.269989 
1363955015 -51.0 -25.910004 -12.7599945 -0.16999817 0.31999207 -0.6599884 0.25 0.2599945 0.22000122 -0.3600006 0.5399933 -0.6899872 0.1599884 0.17001343 0.2899933 -0.9000015 0.9399948 
1363955520 51.0 41.069992 7.0900116 -0.060012817 -0.21998596 0.08999634 0.16999817 0.55000305 -0.29000854 -0.05000305 0.32000732 -0.16999817 0.45999146 -0.83999634 0.19000244 1.3899994 -0.3999939 
1363955726 -51.0 -43.95999 -5.150009 0.4900055 1.5699921 -1.4599915 -0.2400055 0.11000061 0.040008545 0.31999207 -0.2899933 0.039993286 -0.69999695 -0.15000153 0.5000076 -0.25 0.7299957 
1363956329 51.0 28.729996 -2.4700012 -0.8800049 0.45999146 0.3000183 0.5700073 -0.7799988 -0.26000977 -0.19000244 0.29000854 0.98999023 -0.48999023 -0.32000732 0.23001099 0.40997314 0.23001099 
1363956942 -51.0 -41.310013 -1.1799927 -0.040008545 0.51000977 0.44999695 -0.7599945 -0.070007324 0.02999878 0.80999756 -1.4199982 0.44000244 0.16999817 0.40000916 -0.05000305 -1.0200043 0.13000488 
1363957887 51.0 35.089996 14.029999 0.0900116 -0.76000977 -0.20999146 0.30999756 0.31999207 0.5700073 -0.80999756 -0.30999756 0.2599945 0.43000793 1.25 -0.040008545 -0.69000244 0.05000305 
1363958242 -52.0 -32.979996 -16.630005 0.11000061 -0.1599884 -0.030014038 0.11000061 0.120010376 -0.05000305 0.47000122 -0.44000244 0.2599945 -0.3999939 0.41999817 -0.13999939 0.5 -0.6799927 
1363959145 52.0 41.850006 -3.5400085 -0.16000366 0.29000854 0.13998413 -0.3999939 0.23999023 0.08001709 0.20999146 0.32000732 0.11999512 -0.070007324 -0.22000122 -0.13000488 0.94000244 -0.38998413 
1363959308 -49.0 -40.570007 -9.289993 -0.27000427 0.19999695 -0.4900055 0.26000977 -0.11000061 0.02999878 0.30999756 -0.44999695 0.16999817 -0.1000061 -0.12998962 0.08000183 -0.480011 0.5 
1363960160 51.0 52.839996 -4.76001 0.69000244 0.5299988 -0.6999817 0.05999756 0.36999512 0.45999146 0.2000122 -0.55999756 -0.52001953 -0.4199829 0.9700012 0.32998657 0.36001587 -0.6800232 
1363960333 -51.0 -26.179993 1.019989 -1.6499939 0.66999817 0.5299988 -1.2299957 0.11000061 1.1300049 -1.980011 0.76000977 0.9099884 -1.3499908 0.8699951 0.94000244 -1.7799988 0.66000366 
1363960927 52.0 44.520004 -3.850006 0.43000793 -0.44999695 -0.23001099 0.0 0.730011 -0.33000183 -0.3500061 0.2400055 0.12998962 0.7200012 -0.7200012 0.16000366 0.040008545 0.05999756 
1363961118 -51.0 -41.03 -8.090012 -0.56999207 0.20999146 0.44000244 0.43000793 0.0 -0.93000793 0.0 1.3300018 0.0 -0.7599945 0.0 0.19000244 0.0 0.20999146 
1363961605 52.0 52.25 -2.119995 -0.5 -0.2899933 -0.41000366 -0.26000977 0.8899994 0.6399994 -1.1599884 0.05999756 -0.11000061 0.5200043 -0.25 -0.040008545 -0.08999634 -0.05000305 
1363961813 -52.0 -24.240005 -0.22000122 -0.08000183 0.6100006 0.66999817 -1.1599884 -0.070007324 0.30000305 0.5 -0.22000122 -0.33000183 -0.22000122 -0.11999512 0.3999939 0.5 -0.56999207 
1363962260 52.0 44.089996 4.2700043 -0.069992065 0.269989 -0.02999878 0.68000793 -0.8700104 -0.02999878 -0.41999817 -0.05000305 0.6300049 0.68000793 -1.1700134 0.69000244 0.05000305 0.19999695 
1363963037 -32.0 -26.61 0.2400055 0.30000305 0.37998962 -0.44000244 -0.6299896 0.30000305 0.33999634 -0.19000244 -0.3600006 -0.44000244 0.040008545 1.019989 -0.45999146 -0.58000183 0.59999084 
1363963560 52.0 45.259995 -4.529999 -0.13000488 0.43000793 0.91000366 -0.6300049 -0.5 -0.36999512 0.94999695 -0.4900055 -0.02999878 -0.3999939 1.199997 -0.94999695 -0.37001038 -0.049987793 
1363963712 -52.0 -31.929993 0.8899994 -1.1100006 -0.27000427 0.56999207 0.08000183 -0.02999878 -0.3999939 0.0 -0.15000916 1.1800079 -0.94000244 -0.27000427 -0.009994507 0.25 0.44999695 
1363965230 52.0 50.550003 -5.7400055 -1.2599945 -0.21000671 0.83000183 -0.08999634 -0.55999756 0.3899994 0.33999634 1.4700012 -1.2799988 0.069992065 0.17001343 -0.05000305 1.0099945 -1.2299957 
1363965382 -52.0 -45.03 -5.8399963 0.269989 1.6300049 -1.5599976 -3.869995 1.6599884 -5.9599915 -0.02999878 -1.2700043 0.4600067 0.36999512 0.8600006 -1.1300049 0.16999817 -0.099990845 
