1363594626 1670.0 1165.0 -30.880127 -28.649902 -18.630127 -0.77978516 -8.1501465 -13.76001 -10.419922 3.1499023 -10.189941 -13.830078 4.220215 -10.880127 -15.330078 -11.919922 2.0500488 
1363594626 -24.0 1165.0 -30.880127 -28.649902 -18.630127 -0.77978516 -8.1501465 -13.76001 -10.419922 3.1499023 -10.189941 -13.830078 4.220215 -10.880127 -15.330078 -11.919922 2.0500488 
1363594649 -1413.0 -89.22998 77.88989 -0.39990234 -2.3701172 -168.35986 -12.369995 -46.5 1.4099121 11.240112 31.269897 -48.42993 3.0200195 20.079956 -24.569946 -4.26001 -34.859985 
1363594774 -1693.0 -1051.75 -38.090027 -0.70999146 46.30002 -33.840027 18.370026 37.289978 -15.349976 -22.850006 0.5299988 86.53 -11.080017 34.30002 1.9700012 0.3999939 -24.149994 
1363594785 -102.0 -11.080017 34.30002 1.9700012 0.3999939 -24.149994 24.220001 -1.9000244 0.42001343 -13.76001 22.02002 -21.100006 -38.839996 4.049988 -14.389984 38.059998 36.50998 
1363594828 1678.0 59.660004 -57.01999 -1.230011 -36.660004 1270.29 489.28992 -39.16992 -5.410034 14.790039 10.839966 -35.68994 5.8599854 27.20996 -26.76001 35.01001 -35.349976 
1363594832 1192.0 1270.29 489.28992 -39.16992 -5.410034 14.790039 10.839966 -35.68994 5.8599854 27.20996 -26.76001 35.01001 -35.349976 28.059937 -24.279907 -5.7800293 37.23999 
1363594905 -1690.0 -1516.47 -13.529999 0.8999939 11.940002 34.869995 -10.839996 0.85998535 57.78003 -54.560028 81.09003 28.25998 25.730011 -39.54001 38.26001 33.5 5.220001 
1363594913 -437.0 -54.560028 81.09003 28.25998 25.730011 -39.54001 38.26001 33.5 5.220001 -62.73001 -48.47998 98.69998 6.230011 -74.619995 -48.100006 4.4299927 64.94 
1363595020 -1684.0 -1309.08 0.13000488 -1.3500061 61.02002 -24.960022 0.9200134 59.22 -10.529999 -48.22 48.639984 113.41 -62.25998 0.47000122 -3.5100098 64.79999 -28.320007 
1363595093 -1662.0 -1405.26 -256.91003 -25.559998 36.710022 -27.330017 79.67999 -51.28 0.11999512 13.290009 35.380005 -1.4899902 -47.930023 13.120026 83.22 -48.900024 -0.60998535 
