1363595120 -68.0 62.650024 22.599976 -48.70999 -36.899994 -0.25 24.920013 63.549988 -147.44 -1.0399933 0.6599884 -0.22999573 0.5099945 -1.6799927 -0.11000061 0.44000244 0.41000366 
1363595122 -295.0 -48.70999 -36.899994 -0.25 24.920013 63.549988 -147.44 -1.0399933 0.6599884 -0.22999573 0.5099945 -1.6799927 -0.11000061 0.44000244 0.41000366 -0.69000244 -0.43000793 
1363595127 -123.0 -147.44 -1.0399933 0.6599884 -0.22999573 0.5099945 -1.6799927 -0.11000061 0.44000244 0.41000366 -0.69000244 -0.43000793 -0.11999512 0.75 0.6100006 -1.2900085 0.27000427 
1363605190 -265.0 -123.64996 24.5 -85.69 10.929993 49.410004 25.089996 -86.140015 12.400024 48.799988 -83.25 -84.95 0.22999573 -0.22000122 0.13000488 -0.120010376 0.29000854 
1363605197 -47.0 12.400024 48.799988 -83.25 -84.95 0.22999573 -0.22000122 0.13000488 -0.120010376 0.29000854 0.23999023 -0.7299957 0.3899994 0.79000854 0.31999207 -0.42999268 -0.6200104 
1363605197 -119.0 12.400024 48.799988 -83.25 -84.95 0.22999573 -0.22000122 0.13000488 -0.120010376 0.29000854 0.23999023 -0.7299957 0.3899994 0.79000854 0.31999207 -0.42999268 -0.6200104 
1363605200 -220.0 -84.95 0.22999573 -0.22000122 0.13000488 -0.120010376 0.29000854 0.23999023 -0.7299957 0.3899994 0.79000854 0.31999207 -0.42999268 -0.6200104 -0.16999817 0.010009766 0.05999756 
1363691462 -148.0 35.090027 25.72998 -1.3599854 -111.47003 60.02002 -59.080017 -108.75998 -1.6100159 -0.7200012 0.980011 0.1000061 0.4199829 -1.25 -0.22000122 0.05001831 0.5499878 
1363691468 -286.0 -108.75998 -1.6100159 -0.7200012 0.980011 0.1000061 0.4199829 -1.25 -0.22000122 0.05001831 0.5499878 1.0 -0.94000244 3.830017 0.0 2.3399963 0.0 
1363943635 -222.0 -132.48999 -48.070007 59.53003 -0.7300415 -10.039978 -49.049988 48.809998 61.140015 -67.79004 -94.52997 8.5 144.37 -22.25 -83.859985 62.089966 46.170044 
1363943646 -51.0 144.37 -22.25 -83.859985 62.089966 46.170044 -74.390015 -35.960022 18.609985 41.48004 -131.67001 -37.179993 -0.070007324 1.0899963 1.0100098 2.1799927 -3.2600098 
1363943655 -261.0 -131.67001 -37.179993 -0.070007324 1.0899963 1.0100098 2.1799927 -3.2600098 -0.55999756 0.89001465 -0.64001465 4.51001 -3.2600098 -1.3200073 3.1100159 -0.7000122 -1.3399963 
