1363623572 49.0 51.320007 2.3200073 -3.9700317 1.8900146 1.1699829 -3.3099976 2.880005 -0.70996094 -1.1000366 3.7999878 -4.630005 -0.39996338 2.3499756 -3.619995 2.2800293 -1.0800171 
1363624758 -36.0 -29.220032 -10.130005 2.380005 -1.6900024 -0.64001465 1.6300049 0.92004395 -2.9700317 1.5300293 2.7299805 -0.13000488 -1.9799805 -0.22003174 2.25 0.14001465 -2.0900269 
1363779089 44.0 5.029999 -1.0099792 -0.710022 -2.6299744 0.42999268 -2.0299988 -5.880005 -0.17001343 0.27999878 0.3300171 0.7799988 1.3999939 -1.4599915 -0.8200073 -0.83999634 0.2999878 
1363780916 -32.0 -28.23999 -6.9900208 -0.22998047 -0.070007324 -1.4100037 3.75 -3.3599854 1.2799988 -1.1600037 1.2999878 -0.11999512 -0.8800049 -2.2099915 -0.3500061 -1.4599915 1.3399963 
1363809005 43.0 35.340027 -0.30999756 -0.9100342 0.10998535 -0.23999023 0.13000488 -0.94000244 1.0400391 -0.30999756 -0.8200073 -0.32000732 0.6499634 -0.2699585 2.5 15.099976 -0.30999756 
1363810390 -35.0 -24.419983 -11.799988 -0.6300049 6.6099854 -8.01001 0.6500244 14.679993 12.47998 -10.97998 -1.1900024 -0.3499756 0.079956055 -0.95996094 -0.21002197 0.22998047 13.75 
1363813828 43.0 -17.830017 27.29004 -14.51001 15.919983 -7.5700073 -11.149963 3.619995 -2.580017 -0.8800049 1.2799683 -0.9299927 3.119995 2.4100342 -2.960022 -1.9299927 3.4899902 
1363814061 -30.0 -22.390015 1.0899963 1.210022 -2.5200195 2.480011 0.1499939 -1.7599792 1.5299988 0.55999756 -1.7200012 1.2999878 0.010009766 -3.0599976 0.75997925 0.79000854 -1.25 
1363885356 43.0 79.630005 319.82 111.82001 -16.890015 -45.950012 -47.359985 -352.08 -0.44000244 -0.16000366 -1.1400146 0.8300171 -1.6800232 -0.5799866 -0.54000854 0.27999878 80.20001 
1363894796 43.0 41.27002 0.58999634 -1.230011 2.7000122 -4.180023 1.4100037 0.58999634 -1.6299744 5.0 -5.700012 3.0899963 -1.1900024 -1.3800049 2.230011 -3.2999878 1.9799805 
1363896642 -36.0 -20.400024 -2.1399536 2.8099976 0.69000244 -4.1400146 0.9500122 2.9699707 -2.75 -0.9000244 7.300049 -4.050049 -3.8499756 0.59002686 3.039978 -1.4799805 -2.3900146 
1363951109 49.0 43.369995 1.1300049 -23.970001 2.210022 19.0 0.87997437 0.6500244 -1.4300232 4.0200195 0.769989 0.019989014 -0.62997437 -0.91000366 0.789978 1.2200012 0.13000488 
