1363876957 1548.0 1803.96 456.37988 74.47998 -22.75 -1377.0898 -934.37 -1.9200134 0.11999512 14.980011 -12.899994 235.18 1743.0199 287.2102 93.85986 -23.320068 -32.92993 
1363876962 -269.0 -934.37 -1.9200134 0.11999512 14.980011 -12.899994 235.18 1743.0199 287.2102 93.85986 -23.320068 -32.92993 -8.580078 -389.97998 3.0100098 -12.5998535 -1.4699707 
1363876968 1801.0 1743.0199 287.2102 93.85986 -23.320068 -32.92993 -8.580078 -389.97998 3.0100098 -12.5998535 -1.4699707 85.62988 320.5901 30.71997 -24.380127 0.5900879 -7.340088 
1363877166 120.0 215.57007 293.03003 -101.43994 3.159912 -0.30004883 5.5300293 32.95996 -15.429932 10.98999 -6.75 -241.78003 -191.48999 7.9399414 1.6999512 -1.7897949 223.76001 
1363877191 11.0 232.20996 284.44995 -76.08984 -9.590088 24.830078 -2.4699707 -35.860107 9.939941 -11.97998 23.27002 -272.96997 -152.84009 4.880127 4.1398926 0.5900879 237.22998 
1363877226 -320.0 -295.6499 -128.33008 -0.19995117 -3.2399902 11.909912 243.41016 253.94995 -26.070068 -17.070068 -48.859863 -288.22998 -129.47998 -6.6101074 2.7399902 22.70996 272.83008 
1363877257 17.0 194.0 -87.8501 44.650146 -39.18994 -336.63013 -84.84985 -0.46020508 -1.4799805 24.120117 279.92993 195.15991 -94.72998 22.77002 -40.96997 22.95996 -0.30981445 
1363877757 23.0 269.52002 -29.870117 -3.5898438 2.119873 -175.22998 -221.34009 -8.619873 6.340088 4.5998535 153.56006 255.95996 7.580078 -26.300049 -26.860107 23.470215 -22.130127 
1363877914 21.0 307.22998 156.21997 -134.67017 -60.819824 -258.6101 -36.5 2.9499512 8.469971 -4.3999023 -8.649902 8.389893 13.919922 338.8601 100.43994 -117.12988 -96.82007 
1363878324 1701.0 -77.869995 13.27002 -26.920044 3.630005 10.910034 12.649963 -23.98999 -21.109985 -347.77002 0.4000244 7.319977 -8.209991 1695.04 513.6499 141.19995 -83.38989 
1363878335 1753.0 -8.209991 1695.04 513.6499 141.19995 -83.38989 -23.23999 -27.47998 19.859863 13.460205 -33.78003 11.839844 -31.839844 -323.3401 -10.669922 4.709961 4.7199707 
1363878336 1922.0 1695.04 513.6499 141.19995 -83.38989 -23.23999 -27.47998 19.859863 13.460205 -33.78003 11.839844 -31.839844 -323.3401 -10.669922 4.709961 4.7199707 47.880127 
1363878504 -79.0 -75.96002 2.3700562 -34.78003 27.340027 -17.890015 5.3200073 2.959961 -6.7599487 -148.60004 -227.5 -2.9899902 -0.42001343 -1.0299988 140.62 305.54004 0.98999023 
1363878511 -20.0 -6.7599487 -148.60004 -227.5 -2.9899902 -0.42001343 -1.0299988 140.62 305.54004 0.98999023 -52.410034 2.580017 -23.630005 23.929993 -14.659973 22.109985 -35.140015 
1363878517 101.0 140.62 305.54004 0.98999023 -52.410034 2.580017 -23.630005 23.929993 -14.659973 22.109985 -35.140015 -125.22998 -242.75 1.1900024 -2.6700134 0.94000244 159.93 
1363878714 1943.0 78.90997 -100.69 6.4400024 -38.940002 -355.14 2.7200012 1.4400024 -3.2099915 -0.51000977 4.26001 -4.4400024 1.4400024 -0.79000854 1758.6699 438.72998 145.40015 
1363878718 1812.0 -355.14 2.7200012 1.4400024 -3.2099915 -0.51000977 4.26001 -4.4400024 1.4400024 -0.79000854 1758.6699 438.72998 145.40015 -11.170166 -72.3999 -13.949951 12.3498535 
1363878727 2014.0 1758.6699 438.72998 145.40015 -11.170166 -72.3999 -13.949951 12.3498535 -34.66992 3.9199219 30.690186 -57.340088 -314.06006 -13.790039 1.3500977 -0.5 57.889893 
1363878851 191.0 20.200012 -24.73999 5.0599976 7.5700073 -17.48999 2.7999878 -207.38998 -159.42001 6.450012 3.2799988 -0.9200134 204.73001 247.82999 -47.51001 -49.72998 14.279968 
1363878936 18.0 29.850006 338.73996 97.22003 -57.97998 -25.460022 -24.73999 18.940002 -4.5200195 22.289978 -8.569946 -2.8600464 -350.11 -33.559998 2.9700012 -1.5299988 40.049988 
1363878945 -28.0 -8.569946 -2.8600464 -350.11 -33.559998 2.9700012 -1.5299988 40.049988 318.36 100.650024 -39.559998 -50.799988 10.200012 11.329956 -3.3200073 -7.0299683 0.2999878 
1363878972 10.0 -17.089966 43.809998 -7.590027 -12.539978 -18.960022 -349.86996 -1.8900146 3.9599915 6.9000244 105.139984 333.25003 32.629944 -52.68994 -17.980042 24.27002 -26.5 
1363879065 1815.0 -33.47998 22.330017 -163.11005 -221.77997 -0.710022 -0.32998657 1.7099915 129.22 301.11002 13.390015 -67.920044 -5.659973 16.059998 -13.160034 11.650024 -9.690002 
1363879094 1849.0 26.140015 3.4099731 -25.559998 -191.62997 -175.6 1.7600098 1.5799866 519.67004 1555.35 303.41992 -41.069824 -72.25 14.899902 -15.97998 1.9799805 6.370117 
1363879102 1829.0 1555.35 303.41992 -41.069824 -72.25 14.899902 -15.97998 1.9799805 6.370117 -23.26001 15.209961 -170.31006 -189.62988 -3.8500977 6.290039 -6.709961 155.66992 
1363879881 -19.0 20.579987 278.99002 184.22998 -47.090027 -44.059998 -0.75 -14.659973 -1.3499756 16.799988 -22.320007 21.570007 -314.77002 -75.75 -1.4899902 0.6499939 20.809998 
1363879906 -11.0 -21.630005 -321.66003 -58.579987 0.94000244 -0.5299988 25.139984 318.30002 140.81 -87.52002 -16.359985 -3.2799683 -12.870056 3.8400269 -1.6799927 -25.900024 42.98999 
1363879911 74.0 25.139984 318.30002 140.81 -87.52002 -16.359985 -3.2799683 -12.870056 3.8400269 -1.6799927 -25.900024 42.98999 -344.59998 -47.95999 -0.75 1.3599854 28.230011 
1363880052 -191.0 9.470032 -7.7800293 -6.339966 12.5 -4.4400024 -52.869995 -333.94 -0.16000366 -0.8300171 0.9700012 24.550018 5.649994 5.279999 1.2900085 -1.3200073 -1.0700073 
1363880050 -271.0 -56.129944 4.629944 9.470032 -7.7800293 -6.339966 12.5 -4.4400024 -52.869995 -333.94 -0.16000366 -0.8300171 0.9700012 24.550018 5.649994 5.279999 1.2900085 
1363880058 -186.0 -333.94 -0.16000366 -0.8300171 0.9700012 24.550018 5.649994 5.279999 1.2900085 -1.3200073 -1.0700073 0.64001465 0.5499878 -1.3500061 3.6100159 -2.0400085 1.9299927 
1363880150 -34.0 119.27002 17.130005 -215.71002 -123.03998 14.809998 45.140015 60.859985 -15.890015 1.3300171 -15.450012 -23.940002 -6.9799805 -6.5700073 -20.599976 -7.0300293 3.8499756 
1363880160 -270.0 -23.940002 -6.9799805 -6.5700073 -20.599976 -7.0300293 3.8499756 -3.829956 -35.460022 -129.59 1.269989 -2.289978 1.9799805 1.9100037 -0.73999023 1.2900085 1.7599792 
1363880163 -198.0 -20.599976 -7.0300293 3.8499756 -3.829956 -35.460022 -129.59 1.269989 -2.289978 1.9799805 1.9100037 -0.73999023 1.2900085 1.7599792 -4.9100037 0.1800232 0.98999023 
1363880168 -125.0 -129.59 1.269989 -2.289978 1.9799805 1.9100037 -0.73999023 1.2900085 1.7599792 -4.9100037 0.1800232 0.98999023 3.630005 -2.5500183 -1.7799988 -0.25 2.2900085 
1363880253 -137.0 -168.60999 -1.2900391 85.410034 -32.0 -61.119995 0.17999268 15.26001 -21.210022 -10.349976 -7.410034 -5.75 5.590027 40.73999 79.94 103.890015 102.129944 
1363880255 -61.0 85.410034 -32.0 -61.119995 0.17999268 15.26001 -21.210022 -10.349976 -7.410034 -5.75 5.590027 40.73999 79.94 103.890015 102.129944 127.910034 97.329956 
1363880275 -108.0 -70.56998 -1.3300171 0.5500183 -0.480011 -0.13998413 1.2999878 4.470001 -0.94000244 -3.730011 -0.8299866 0.30999756 0.6799927 -0.8500061 2.7600098 -0.010009766 -2.8099976 
1363880356 48.0 -6.3000183 1.6200256 0.36999512 0.29000854 25.389984 187.26999 43.580017 -95.25 20.22998 -7.289978 -21.130005 -11.940002 -4.450012 -1.789978 -6.360016 -17.779999 
1363880371 -41.0 -17.779999 -11.869995 1.1000061 11.570007 58.089996 92.39996 103.06 133.48004 -21.630005 -234.39001 -102.17999 -85.01999 -24.570007 -0.39001465 1.7700195 -0.8000183 
1363880433 -20.0 57.400024 48.95996 -186.31998 -28.160004 1.0999756 -1.0999756 1.6900024 0.23999023 -1.5899963 -1.3699951 1.9599915 -0.2000122 1.3500061 -2.6600037 1.3500061 -1.2900085 
1363880435 -130.0 -186.31998 -28.160004 1.0999756 -1.0999756 1.6900024 0.23999023 -1.5899963 -1.3699951 1.9599915 -0.2000122 1.3500061 -2.6600037 1.3500061 -1.2900085 1.8399963 -1.1799927 
1363880514 119.0 179.33997 108.579956 28.200073 -242.96002 -227.90997 -114.660034 -5.519989 64.78 69.0 8.409973 -24.139954 -28.690002 -3.580017 6.3099976 7.25 -0.98999023 
1363880518 -324.0 -227.90997 -114.660034 -5.519989 64.78 69.0 8.409973 -24.139954 -28.690002 -3.580017 6.3099976 7.25 -0.98999023 -1.5499878 -4.2700195 5.7199707 -4.4799805 
1363880572 -145.0 -144.66 0.16000366 -2.289978 1.0699768 0.8500061 -1.2299805 0.35998535 0.32998657 -0.269989 1.3200073 -0.6199951 0.6300049 2.4099731 2.4900208 -5.350006 1.980011 
1363881001 -89.0 -152.90997 74.329956 17.650024 -31.599976 -1.6000366 -14.459961 -9.360046 -11.799988 -132.94 14.120026 468.23996 44.170044 -441.99 17.589966 23.429993 -10.5 
1363881019 -31.0 204.68005 163.18994 17.859985 -855.22 2.5899963 141.88998 88.149994 -41.02997 -6.3500366 -2.3399658 -2.5599976 -1.710022 -2.6599731 -9.369995 1.1999512 -8.949951 
1363881022 -634.0 -855.22 2.5899963 141.88998 88.149994 -41.02997 -6.3500366 -2.3399658 -2.5599976 -1.710022 -2.6599731 -9.369995 1.1999512 -8.949951 2.2999878 -7.0200195 1.5 
1363881200 136.0 40.579956 23.480042 -2.4500122 -11.640015 0.8800049 2.7199707 14.0 7.0700073 3.9400024 -3.0100098 2.080017 0.8800049 5.5200195 6.6499634 2.040039 6.7699585 
1363881244 -85.0 -23.859985 -19.640015 -12.710022 0.8500366 6.1900024 12.409973 2.5300293 12.359985 8.719971 4.119995 6.670044 3.869995 -7.080017 -14.799988 -5.0599976 6.080017 
1363881251 16.0 12.359985 8.719971 4.119995 6.670044 3.869995 -7.080017 -14.799988 -5.0599976 6.080017 -9.690002 6.3599854 1.0499878 4.7299805 6.080017 -4.1099854 1.0599976 
1363881299 -276.0 -234.00998 -0.64001465 -1.4200134 7.1200256 1.9599915 -1.7099915 0.85998535 -1.8899841 -0.3500061 -6.0599976 2.630005 0.97998047 -2.7200012 2.0500183 1.1499939 5.51001 
1363881965 353.0 -26.299988 -28.080017 3.350006 -8.480011 -10.369995 -1.519989 -16.77002 -5.769989 -2.0599976 39.829987 75.92001 105.30002 102.46997 160.03003 137.04999 63.54004 
1363881987 289.0 98.22003 111.97998 73.5 29.840027 -6.76001 -12.530029 -13.880005 -20.019958 -14.01001 -15.880005 -11.390015 -9.48999 -6.73999 -9.539978 -4.9300537 -3.0199585 
1363881988 142.0 111.97998 73.5 29.840027 -6.76001 -12.530029 -13.880005 -20.019958 -14.01001 -15.880005 -11.390015 -9.48999 -6.73999 -9.539978 -4.9300537 -3.0199585 -1.420044 
1363882038 -68.0 -38.859985 -30.27002 -6.580017 13.5 29.210022 33.339966 27.52002 14.130005 8.97998 2.8200073 -3.9699707 -9.440002 -9.23999 -9.27002 -11.76001 -13.26001 
1363882043 77.0 33.339966 27.52002 14.130005 8.97998 2.8200073 -3.9699707 -9.440002 -9.23999 -9.27002 -11.76001 -13.26001 -4.369995 1.1500244 -0.9000244 3.8400269 8.919983 
1363882184 -38.0 -42.580017 -39.179993 -24.709991 -17.959991 -6.0700073 -1.269989 1.6599731 2.9300232 -2.5599976 -0.02999878 2.189972 -1.4799805 0.2999878 1.2400208 1.4099731 34.29001 
1363882201 110.0 70.25 -53.859985 -46.929993 3.1099854 18.450012 4.119995 -3.3399963 -6.519989 0.8199768 1.2400208 -0.960022 -0.75 2.1700134 -1.269989 5.25 -3.5 
1363882325 127.0 159.31 98.85004 28.629944 -19.129944 -35.01001 -30.809998 -5.8900146 16.460022 23.799988 19.359985 10.080017 -21.299988 -35.54004 -37.909973 -27.670044 -16.23999 
1363882322 -388.0 -247.46002 -80.32999 93.94998 159.31 98.85004 28.629944 -19.129944 -35.01001 -30.809998 -5.8900146 16.460022 23.799988 19.359985 10.080017 -21.299988 -35.54004 
1363882466 -403.0 -242.28 -0.02999878 -1.5 -0.66000366 1.6000061 -1.5 -1.3500061 0.88998413 1.5100098 0.0 -1.3500061 0.3999939 0.6300049 4.029999 -3.0 -0.83999634 
1363882607 -83.0 -125.55002 -18.089996 -0.019989014 0.1499939 0.47000122 -0.2999878 1.539978 -1.3999939 -1.3699951 0.91000366 -0.7000122 0.36001587 -0.15002441 -0.27999878 1.8800049 -2.869995 
1363883051 -33.0 -1637.6399 -655.08997 1.3599854 0.14001465 107.28998 1812.22 252.8601 205.34985 -36.03003 -25.599854 -30.640137 45.51001 32.370117 -80.19995 38.819824 -62.089844 
1363883056 1769.0 1812.22 252.8601 205.34985 -36.03003 -25.599854 -30.640137 45.51001 32.370117 -80.19995 38.819824 -62.089844 -393.28003 -6.0700684 -5.7700195 5.669922 101.13013 
1363883444 226.0 337.24 -100.17993 44.28003 -30.830078 -154.37012 -253.33984 4.3200684 -3.0700684 -4.420166 144.1101 317.42993 -12.689941 -21.129883 -12.390137 22.300049 -2.3601074 
1363883449 -1981.0 -253.33984 4.3200684 -3.0700684 -4.420166 144.1101 317.42993 -12.689941 -21.129883 -12.390137 22.300049 -2.3601074 -10.51001 5.5300293 -16.109863 -179.45996 -233.30005 
1363883723 -1416.0 -399.29004 -12.609863 9.159912 0.8701172 35.849854 275.18994 150.08008 -45.349854 -12.370117 15.48999 -19.26001 50.66992 -45.43994 39.660156 -10.860107 -418.77002 
1363883718 61.0 295.49 100.92993 -37.57007 15.950195 0.08984375 -399.29004 -12.609863 9.159912 0.8701172 35.849854 275.18994 150.08008 -45.349854 -12.370117 15.48999 -19.26001 
1363883849 14.0 391.1399 15.290039 -114.37988 -120.57007 -257.3899 -1.4101562 -5.5898438 -1.3701172 -1.9099121 0.72998047 -0.38012695 91.180176 344.52002 80.41992 -48.100098 -203.98999 
1363884088 307.0 -62.339996 -0.69000244 1.5299988 -1.230011 -0.36999512 1.4100037 -2.7799988 0.50997925 35.640015 325.41998 140.16003 -37.070007 -15.609985 6.5 -4.3600464 -3.2600098 
1363884088 105.0 -62.339996 -0.69000244 1.5299988 -1.230011 -0.36999512 1.4100037 -2.7799988 0.50997925 35.640015 325.41998 140.16003 -37.070007 -15.609985 6.5 -4.3600464 -3.2600098 
1363884096 54.0 35.640015 325.41998 140.16003 -37.070007 -15.609985 6.5 -4.3600464 -3.2600098 1.8500366 -13.910034 6.8200073 -416.3 -27.25 0.980011 0.42999268 49.429993 
1363884228 1782.0 -241.61 -1.3600006 -0.17001343 2.550003 161.37001 372.12997 -83.91998 5.330017 -28.970032 -190.00998 -237.22 -1.199997 2.2399902 -2.0899963 2.2899933 -1.7799988 
1363884235 2017.0 5.330017 -28.970032 -190.00998 -237.22 -1.199997 2.2399902 -2.0899963 2.2899933 -1.7799988 -0.20999146 0.73999023 562.12 1459.19 321.37012 -7.1401367 -34.83008 
1363884235 1774.0 5.330017 -28.970032 -190.00998 -237.22 -1.199997 2.2399902 -2.0899963 2.2899933 -1.7799988 -0.20999146 0.73999023 562.12 1459.19 321.37012 -7.1401367 -34.83008 
1363884247 1666.0 1459.19 321.37012 -7.1401367 -34.83008 -8.449951 15.160156 -27.200195 7.120117 -8.330078 -4.449951 -208.33008 -202.83984 -0.010009766 -9.170166 6.9501953 157.47998 
1363884622 1780.0 337.56 82.849976 -33.02997 -7.01001 -29.669983 -410.16003 0.38000488 0.08999634 -1.8199768 1.1499939 0.29000854 -1.3000183 1.5200195 0.3999939 1701.96 492.5901 
1363884627 1527.0 -410.16003 0.38000488 0.08999634 -1.8199768 1.1499939 0.29000854 -1.3000183 1.5200195 0.3999939 1701.96 492.5901 179.50977 -52.609863 -30.72998 -32.52002 27.5 
1363884636 1779.0 1701.96 492.5901 179.50977 -52.609863 -30.72998 -32.52002 27.5 -18.22998 7.800049 -9.280029 -53.05005 -356.75 -6.1101074 9.430176 -14.840088 72.96997 
1363885011 1764.0 1490.2301 342.22998 -32.360107 -35.119873 -19.320068 -4.1101074 -9.039795 -6.710205 2.0500488 12.97998 -206.23999 -206.03992 -4.170044 0.7800293 2.2299805 147.19995 
1363885953 -239.0 -245.90997 -61.170013 -4.630005 3.1700134 165.56 317.38 -16.390015 -49.679993 -3.2199707 -205.16003 -210.5 0.02999878 0.22000122 0.9200134 0.63998413 -1.8899841 
1363885958 14.0 317.38 -16.390015 -49.679993 -3.2199707 -205.16003 -210.5 0.02999878 0.22000122 0.9200134 0.63998413 -1.8899841 -0.30999756 0.8999939 9.269989 20.720001 4.5500183 
1363885963 -216.0 -210.5 0.02999878 0.22000122 0.9200134 0.63998413 -1.8899841 -0.30999756 0.8999939 9.269989 20.720001 4.5500183 0.769989 1.2099915 -1.6499939 -1.3399963 -0.070007324 
1363886071 -237.0 -26.090027 -7.9699707 -11.23999 2.0199585 -17.559967 -33.24002 -9.75 5.8099976 -2.119995 -11.190002 -124.32999 -46.630005 1.9100037 -0.55999756 -0.76000977 0.79000854 
1363886076 -186.0 -33.24002 -9.75 5.8099976 -2.119995 -11.190002 -124.32999 -46.630005 1.9100037 -0.55999756 -0.76000977 0.79000854 0.5700073 0.5299988 -0.55999756 -0.89001465 0.9500122 
1363886081 -139.0 -124.32999 -46.630005 1.9100037 -0.55999756 -0.76000977 0.79000854 0.5700073 0.5299988 -0.55999756 -0.89001465 0.9500122 0.16000366 -1.1700134 0.8299866 1.0299988 -1.4199829 
1363886347 50.0 7.6999817 87.149994 -58.819977 -69.0 34.45999 6.2099915 -27.929993 -9.170013 -4.98999 -0.4199829 18.129974 61.380005 87.97 94.91998 108.29004 -63.880005 
1363886361 -13.0 108.29004 -63.880005 -179.97 -150.70001 -41.95999 1.1000061 -0.4500122 0.7999878 -1.4799805 0.11999512 -0.30999756 3.2799988 -3.7099915 1.3099976 -0.9000244 1.3700256 
1363886364 -152.0 -150.70001 -41.95999 1.1000061 -0.4500122 0.7999878 -1.4799805 0.11999512 -0.30999756 3.2799988 -3.7099915 1.3099976 -0.9000244 1.3700256 -1.1000061 63.97 -7.619995 
1363886499 118.0 113.59003 82.65997 -50.289978 -228.70001 -158.22 -56.100006 31.040009 64.72 22.52002 -12.330017 -21.330017 -9.439972 4.6299744 3.130005 3.1700134 1.5 
1363886503 -350.0 -158.22 -56.100006 31.040009 64.72 22.52002 -12.330017 -21.330017 -9.439972 4.6299744 3.130005 3.1700134 1.5 -6.360016 -1.8399963 -1.8500061 -0.44000244 
1363886557 -157.0 -138.52002 -1.2900085 0.070007324 2.9100037 -2.6399841 0.06997681 0.33999634 -1.6499939 1.6300049 -1.7799988 -0.049987793 3.2799988 -3.5400085 1.4299927 -0.88998413 0.6699829 
1363886700 117.0 18.28003 -24.480042 -307.90997 -65.490005 -0.9700012 0.91000366 26.840012 289.54 98.359985 -7.090027 6.1100464 -37.880005 31.779968 -18.830017 -2.119995 20.600037 
1363886701 28.0 -24.480042 -307.90997 -65.490005 -0.9700012 0.91000366 26.840012 289.54 98.359985 -7.090027 6.1100464 -37.880005 31.779968 -18.830017 -2.119995 20.600037 9.309998 
1363886731 222.0 50.799988 337.45 32.169983 -0.9199829 18.539978 -29.609985 32.140015 -8.799988 4.1099854 -25.720032 0.3300171 -408.8 -2.1900024 2.619995 -1.019989 170.48001 
1363886970 63.0 406.85004 99.19995 20.199951 -236.07996 -305.03998 38.630005 40.369995 0.0 -8.790039 0.0 -8.759949 0.0 305.21997 0.0 194.93005 0.0 
1363886960 -337.0 -9.119995 -0.15002441 21.200012 6.130005 5.3900146 5.76001 -1.1600342 0.6500244 3.2600098 164.35999 406.85004 99.19995 20.199951 -236.07996 -305.03998 38.630005 
1363886989 -76.0 199.91998 37.200012 -23.360046 -11.079956 -5.8500366 -7.339966 1.3499756 -5.959961 -0.6100464 -7.8200073 -4.7699585 -6.8500366 -7.4699707 -0.34002686 -9.419983 3.5499878 
1363886991 -217.0 -23.360046 -11.079956 -5.8500366 -7.339966 1.3499756 -5.959961 -0.6100464 -7.8200073 -4.7699585 -6.8500366 -7.4699707 -0.34002686 -9.419983 3.5499878 -12.7699585 0.8199463 
1363887124 186.0 135.05994 84.54004 -46.680054 -221.54993 -190.04004 -60.52002 48.640015 105.109985 21.47998 -7.169983 -10.669983 0.5700073 3.6799927 3.1500244 -0.15002441 1.9000244 
1363887128 -233.0 -190.04004 -60.52002 48.640015 105.109985 21.47998 -7.169983 -10.669983 0.5700073 3.6799927 3.1500244 -0.15002441 1.9000244 -5.040039 -11.279968 -1.1400146 -2.5700073 
1363887164 125.0 26.450012 4.51001 -6.5700073 -6.669983 0.6799927 6.0200195 6.200012 5.3499756 4.4000244 -4.660034 2.1900024 4.4400024 5.6900024 4.5300293 2.039978 2.0700073 
1363887209 -43.0 -18.619995 -13.040039 -5.6099854 1.6199951 7.200012 26.369995 15.840027 8.179993 5.039978 -0.22998047 -18.48999 4.8999634 -5.25 -5.950012 -14.899963 -8.350037 
1363887262 -282.0 -204.84003 -116.41998 0.0 -0.020019531 -1.289978 1.4499512 0.34002686 -0.22998047 -1.25 0.73999023 -0.5300293 2.880005 9.109985 5.9300537 -1.1300049 0.10998535 
1363887931 287.0 104.73999 84.97998 -53.819946 -268.42004 -184.32 -53.109985 44.54004 76.13995 27.840027 69.72998 96.51001 58.98999 26.160034 4.9299927 0.45996094 1.2700195 
1363887935 -239.0 -184.32 -53.109985 44.54004 76.13995 27.840027 69.72998 96.51001 58.98999 26.160034 4.9299927 0.45996094 1.2700195 -8.650024 -11.319946 -13.910034 -11.820007 
1363887941 131.0 96.51001 58.98999 26.160034 4.9299927 0.45996094 1.2700195 -8.650024 -11.319946 -13.910034 -11.820007 -14.789978 -7.5 -6.119995 -3.25 -3.4700317 -5.48999 
1363887973 -23.0 45.21997 21.590027 7.830017 -5.1100464 -12.199951 -21.870056 -18.839966 -18.690002 -15.820007 -7.5299683 5.1799927 9.73999 11.909973 9.700012 7.799988 1.2900391 
1363887990 -70.0 -15.670044 -6.669983 -3.169983 -7.340027 -5.3099976 1.8400269 5.0700073 0.4500122 0.6799927 5.209961 0.41003418 -5.9800415 -1.4899902 -2.2999878 -3.2600098 -4.7299805 
1363888152 104.0 133.87 30.53003 -52.950012 -32.899963 7.3599854 14.630005 2.9499512 -7.1499634 0.73999023 0.73999023 -0.2999878 -1.7700195 1.9400024 0.98999023 -3.6599731 3.1099854 
1363888155 -48.0 -32.899963 7.3599854 14.630005 2.9499512 -7.1499634 0.73999023 0.73999023 -0.2999878 -1.7700195 1.9400024 0.98999023 -3.6599731 3.1099854 4.4400024 -7.380005 1.2900391 
1363888279 100.0 73.85004 -8.299988 -26.400024 -31.929993 -17.210022 16.73999 13.990051 13.849976 16.5 -2.0599976 -5.1500244 -50.130005 -49.159973 -11.559998 1.6799927 17.830017 
1363888419 -348.0 -164.64996 2.630005 -1.420044 0.17004395 -3.6799927 0.2999878 -2.9000244 0.64001465 2.130005 -2.830017 3.5200195 -3.1799927 2.9400024 -2.9299927 -0.070007324 -1.2999878 
1363976457 -190.0 -1927.3499 -58.140015 -0.42999268 244.35999 1657.14 265.54004 234.58008 -302.39014 96.18994 49.610107 -29.78003 33.79004 -11.300049 -90.11987 -12.820068 -300.62012 
1363976461 1785.0 1657.14 265.54004 234.58008 -302.39014 96.18994 49.610107 -29.78003 33.79004 -11.300049 -90.11987 -12.820068 -300.62012 0.33007812 -0.6599121 -0.54003906 134.57983 
1363976593 -82.0 -192.96997 -0.13012695 -0.29003906 4.3500977 201.79004 213.32983 -45.51001 -0.8898926 4.5300293 0.6398926 5.75 13.880127 -45.68994 55.409912 -254.47998 -155.0 
1363976647 61.0 219.85986 217.41992 -101.85986 26.20996 -19.560059 38.43994 -5.409912 -6.909912 12.579834 -3.7697754 -281.38013 -125.08008 13.700195 1.829834 -0.27001953 243.42017 
1363976967 -327.0 -317.67017 -45.409912 -5.080078 -0.22998047 38.30005 257.51 122.57007 -55.200195 19.02002 -23.949951 -0.10986328 -5.210205 9.02002 -12.629883 -5.01001 -318.0 
1363977036 11.0 350.26025 0.0 65.259766 0.0 -56.029785 6.5097656 -11.359863 -341.89014 0.12011719 -7.2700195 -12.540039 67.470215 297.2998 44.16992 -74.95996 40.649902 
1363977032 -1936.0 -344.41016 0.0 27.75 0.0 350.26025 0.0 65.259766 0.0 -56.029785 6.5097656 -11.359863 -341.89014 0.12011719 -7.2700195 -12.540039 67.470215 
1363977323 -11.0 199.43994 -96.73999 52.180176 -33.150146 20.72998 2.0800781 -32.66992 32.099854 -15.179932 -263.07007 -84.15991 -3.909912 -3.8100586 9.75 237.05005 156.72998 
1363977463 209.0 122.25 -106.640015 -7.289978 -4.4800415 8.840027 18.429993 -10.26001 19.869995 -15.539978 -340.31 -14.600037 -0.22998047 1.5200195 50.099976 345.15002 17.21997 
1363977588 202.0 17.299988 -16.919983 -11.25 -93.08002 -238.58997 0.3999939 -1.0 -1.7600098 121.370026 298.56995 -54.899963 -30.940002 13.76001 -0.73999023 -16.380005 8.01001 
1363977591 17.0 -93.08002 -238.58997 0.3999939 -1.0 -1.7600098 121.370026 298.56995 -54.899963 -30.940002 13.76001 -0.73999023 -16.380005 8.01001 1.7699585 2.2399902 -115.599976 
1363977596 203.0 121.370026 298.56995 -54.899963 -30.940002 13.76001 -0.73999023 -16.380005 8.01001 1.7699585 2.2399902 -115.599976 -225.56 1.8999939 -1.3500061 -0.6699829 150.08002 
1363977777 1771.0 1275.6699 302.10986 -149.77002 1.2001953 -23.02002 -19.219727 22.5 -1497.4702 -869.18994 14.439941 -205.22998 -136.75 0.77001953 1.7399902 5.0700684 203.36987 
1363977874 12.0 -15.679993 0.55999756 -1.3099976 -235.42004 -104.80997 0.539978 -0.4199829 11.029999 255.45001 173.59998 -95.71997 13.669983 -11.600037 -13.319946 5.699951 9.850037 
1363977933 193.0 24.450012 14.700012 -26.960022 6.0200195 -262.51 -78.81 0.1800232 -0.3000183 21.029999 257.24002 160.69 -78.96002 -14.190002 -16.210022 11.560059 -16.27002 
1363978048 196.0 43.059998 -38.79004 -38.21997 13.460022 -10.420044 -7.159973 2.4099731 17.28003 -23.410034 -313.80997 -20.99002 0.9300232 -0.6000061 38.090027 310.8 47.619995 
1363978056 -15.0 -23.410034 -313.80997 -20.99002 0.9300232 -0.6000061 38.090027 310.8 47.619995 -30.48999 -36.03003 -1.960022 1.8000488 23.26001 -21.430054 12.309998 -14.829956 
1363978076 199.0 44.140015 359.0 -27.380005 -27.54004 6.3099976 -4.2599487 -6.700012 -6.0300293 8.690002 -0.5999756 -3.330017 -314.53998 -8.740021 4.51001 0.6300049 50.629974 
1363978168 1948.0 272.34998 3.4899902 -49.559998 1.1599731 1.8100586 -12.02002 -7.369995 0.76000977 9.659973 -65.27997 -261.25 1.0899658 2.0 42.960022 1948.23 290.67993 
1363978177 1781.0 -65.27997 -261.25 1.0899658 2.0 42.960022 1948.23 290.67993 -30.76001 -42.609863 -5.2800293 -11.380127 14.4001465 -16.29004 -30.360107 17.48999 -90.43994 
1363978182 1951.0 1948.23 290.67993 -30.76001 -42.609863 -5.2800293 -11.380127 14.4001465 -16.29004 -30.360107 17.48999 -90.43994 -218.33008 1.8400879 -11.030029 -5.6499023 114.309814 
1363978233 -1749.0 -1667.68 -165.19006 1.9000244 -6.1900024 -120.73004 -196.47998 1.7200317 1.6300049 -1.6800537 105.48004 259.59998 38.47003 -53.580017 -27.660034 45.930054 -36.860046 
1363978242 87.0 105.48004 259.59998 38.47003 -53.580017 -27.660034 45.930054 -36.860046 14.2300415 -25.350037 38.890015 -143.59003 -215.46997 -0.42999268 1.2700195 1.5199585 161.59003 
1363978636 187.0 32.139954 -28.440002 15.740051 9.109985 -6.48999 -0.08001709 -180.03 -164.88 2.2000122 -1.7700195 4.3099976 192.29001 244.22998 -58.889954 -42.73004 13.420044 
1363978721 185.0 16.929993 254.37003 150.00995 -99.73999 -6.669983 28.72998 -46.95996 53.399963 -7.1099854 -19.5 9.98999 -242.76999 -90.58002 -0.8999939 0.38000488 20.149994 
1363978721 22.0 16.929993 254.37003 150.00995 -99.73999 -6.669983 28.72998 -46.95996 53.399963 -7.1099854 -19.5 9.98999 -242.76999 -90.58002 -0.8999939 0.38000488 20.149994 
1363978746 -34.0 8.400024 -261.79 -61.950012 0.36001587 0.70999146 23.350006 294.78998 97.369995 -52.669983 -23.409973 -12.410034 -16.23999 13.330017 0.47998047 13.039978 -6.26001 
1363978919 109.0 40.830017 -78.609985 -9.330017 12.909973 0.41003418 3.8499756 -11.450012 1.5 -7.659973 -321.46002 -0.6499939 -0.2999878 0.02999878 66.389984 305.54 31.640015 
1363978912 -21.0 -24.909973 -314.53003 0.08999634 -1.0599976 0.13000488 60.929993 309.16 40.830017 -78.609985 -9.330017 12.909973 0.41003418 3.8499756 -11.450012 1.5 -7.659973 
1363978932 184.0 66.389984 305.54 31.640015 -35.27002 -29.630005 12.940002 -3.0700073 -20.380005 -4.709961 8.47998 -9.460022 -330.05 -0.36999512 0.27001953 -0.22000122 73.06998 
1363979209 -54.0 -39.390015 24.470032 2.9699707 -34.679993 -209.43997 -103.92001 0.14001465 -1.210022 14.52002 224.35999 205.40002 -88.97003 -16.769958 19.449951 -32.320007 9.100037 
1363979287 -22.0 -30.51001 -247.29001 -57.95999 0.23999023 1.1900024 27.619995 282.60004 82.579956 -7.7199707 -55.580017 15.660034 -20.309998 -2.7200317 7.25 -15.419983 0.57995605 
1363979307 172.0 34.369995 318.63998 60.570007 -83.56 14.040039 -35.75 7.2699585 23.700012 -12.169983 -3.0200195 6.4000244 -312.86002 -16.209991 -1.8099976 1.1399841 46.23999 
1363979317 -31.0 6.4000244 -312.86002 -16.209991 -1.8099976 1.1399841 46.23999 287.17 84.57001 -49.78003 -42.559998 3.6900024 -12.880005 -9.029968 13.330017 -1.8900146 -1.0300293 
1363979512 -173.0 -330.17 0.0 1.2600098 0.0 15.190002 0.0 12.910004 3.8200073 -3.7700195 0.99002075 0.5999756 0.80999756 -1.6499939 0.7000122 0.58999634 -0.42001343 
1363979578 35.0 17.480011 -0.58999634 -46.51001 -39.649994 2.6600037 15.099976 1.0900269 -6.529999 -8.670013 7.73999 -4.1799927 3.4400024 -4.799988 5.869995 -6.630005 4.51001 
1363979580 -55.0 -46.51001 -39.649994 2.6600037 15.099976 1.0900269 -6.529999 -8.670013 7.73999 -4.1799927 3.4400024 -4.799988 5.869995 -6.630005 4.51001 -4.950012 2.980011 
1363979626 -328.0 -243.38 -133.49997 -2.869995 37.95999 31.130005 -15.740021 -13.649994 -1.7599792 -7.3700256 2.9900208 -0.77001953 6.0400085 -10.919983 -7.9000244 0.730011 -33.73001 
1363979642 -134.0 -115.47 -1.9599915 1.7200012 -1.6600037 1.3300171 -0.36001587 -0.6199951 0.45999146 -2.0299988 1.9700012 -1.4599915 0.55999756 0.79000854 0.75 -0.6000061 0.19000244 
1363979715 -168.0 -15.019989 1.6600037 -2.4200134 1.5700073 -0.3500061 -1.1900024 1.8200073 -2.5299988 1.0499878 13.059998 147.37003 149.40997 -158.09998 2.5599976 56.19998 -27.190002 
1363979724 -72.0 13.059998 147.37003 149.40997 -158.09998 2.5599976 56.19998 -27.190002 -11.589996 -10.259979 -21.25 -3.5500183 -14.589996 -15.940002 -5.5 7.0700073 60.73001 
1363979747 -164.0 -134.51001 0.1499939 1.1400146 -1.6499939 1.519989 -1.4400024 -0.480011 2.3000183 -2.119995 0.91000366 -1.4000244 -0.45999146 2.230011 -2.330017 1.3000183 -0.5299988 
1363979827 -51.0 49.03 218.59 -53.50998 -55.30002 29.450012 -13.920013 -33.159973 -4.930023 9.860016 -12.940002 -1.9100037 -15.390015 -8.069977 -5.880005 31.76001 80.15997 
1363979827 -18.0 49.03 218.59 -53.50998 -55.30002 29.450012 -13.920013 -33.159973 -4.930023 9.860016 -12.940002 -1.9100037 -15.390015 -8.069977 -5.880005 31.76001 80.15997 
1363979849 -151.0 -179.75 -1.0799866 0.9199829 -1.1199951 1.4899902 -1.789978 1.3999939 -1.9400024 -0.27999878 -1.7000122 1.2399902 59.140015 -6.119995 10.609985 4.9000244 -0.89001465 
1363980028 119.0 30.97998 -11.559998 2.460022 8.75 -0.51000977 -2.6799927 -0.89001465 -0.22998047 0.38998413 26.290009 73.97 98.32999 96.03998 159.91003 133.78998 65.079956 
1363980049 43.0 82.31998 46.320007 -16.649963 -28.930054 -19.409973 -2.960022 11.200012 8.350037 -3.25 -4.370056 -0.52996826 -0.090026855 -2.1099854 -0.099975586 -0.23999023 -2.9000244 
1363980052 -52.0 -28.930054 -19.409973 -2.960022 11.200012 8.350037 -3.25 -4.370056 -0.52996826 -0.090026855 -2.1099854 -0.099975586 -0.23999023 -2.9000244 -0.8300171 -1.079956 -2.2800293 
1363980099 -150.0 -175.95999 -17.940002 -1.4700012 0.19000244 0.5499878 -0.88998413 -0.86001587 1.2600098 0.3500061 -0.64001465 -1.0299988 1.5 -0.88998413 -0.33999634 -0.15002441 0.8200073 
1363980505 -232.0 -37.74002 -11.579987 2.5400085 -1.8300171 23.119995 4.730011 4.619995 6.1400146 173.57 333.26996 119.670044 -98.26001 -143.21002 -94.849976 4.3200073 -14.590027 
1363980534 -86.0 -47.52997 -4.420044 -4.369995 4.1400146 -10.97998 2.4099731 -12.549988 5.48999 -11.76001 3.460022 -9.929993 2.2199707 -7.409973 -3.0300293 -3.2699585 -6.130005 
1363980533 66.0 101.77997 -47.52997 -4.420044 -4.369995 4.1400146 -10.97998 2.4099731 -12.549988 5.48999 -11.76001 3.460022 -9.929993 2.2199707 -7.409973 -3.0300293 -3.2699585 
1363980648 220.0 10.730011 10.939972 1.8400269 2.3599854 -0.66000366 -0.22998047 -2.8200073 -1.480011 2.119995 -3.0099792 2.9799805 -3.9299927 3.6600037 -3.8600159 2.480011 5.049988 
1363980708 143.0 40.600037 17.380005 -2.830017 -7.5200195 0.51000977 2.1400146 3.6599731 4.5200195 3.7399902 3.169983 3.3900146 2.5300293 4.829956 5.0300293 5.8200073 1.9099731 
1363980809 -395.0 -366.46002 0.79000854 1.8899841 -1.4199829 -0.8300171 0.36999512 1.5700073 -2.2099915 0.730011 -0.49002075 0.30999756 -0.5 -0.73999023 1.0299988 0.6700134 -1.0800171 
1363981469 347.0 188.25 112.53998 13.410034 -165.15002 -251.72998 -166.41 -49.98999 45.44998 83.44 65.84003 119.28998 83.84003 46.26996 15.02002 -6.5999756 -24.410034 
1363981474 -83.0 -166.41 -49.98999 45.44998 83.44 65.84003 119.28998 83.84003 46.26996 15.02002 -6.5999756 -24.410034 -22.909973 -18.75 -13.780029 -13.47998 -14.080017 
1363981479 265.0 119.28998 83.84003 46.26996 15.02002 -6.5999756 -24.410034 -22.909973 -18.75 -13.780029 -13.47998 -14.080017 -10.02002 -8.319946 -5.540039 -3.9299927 -4.4000244 
1363981527 -70.0 -55.839966 -30.28003 8.220001 34.74997 46.840027 45.559998 17.210022 21.070007 6.6499634 -7.289978 -4.040039 -2.6899414 -9.150024 -7.200012 -17.859985 -17.570007 
1363981532 78.0 45.559998 17.210022 21.070007 6.6499634 -7.289978 -4.040039 -2.6899414 -9.150024 -7.200012 -17.859985 -17.570007 -11.280029 -10.159973 -3.2999878 4.98999 5.830017 
1363981527 -55.0 -55.839966 -30.28003 8.220001 34.74997 46.840027 45.559998 17.210022 21.070007 6.6499634 -7.289978 -4.040039 -2.6899414 -9.150024 -7.200012 -17.859985 -17.570007 
1363981815 166.0 159.20001 99.71997 21.72998 -25.97998 -41.73999 -30.0 3.380005 18.549988 25.98999 15.390015 12.73999 -4.0599976 -47.849976 -50.820007 -32.98999 -10.650024 
1363981828 -73.0 -50.820007 -32.98999 -10.650024 15.529968 22.900024 15.309998 3.210022 1.4899902 -7.789978 -17.860046 -3.869995 6.4400024 8.340027 -1.3599854 2.0299683 1.2399902 
1363981955 -358.0 -288.87003 0.730011 -0.3500061 -1.3299866 -0.30999756 1.9299927 -1.7000122 -0.05999756 1.5400085 1.7900085 -2.75 1.2799988 -1.3999939 -0.5800171 0.769989 -0.43997192 
1363982078 -114.0 -64.20999 0.30999756 0.8600006 -2.600006 0.9700012 0.5900116 14.130005 178.59998 3.7700195 -44.660004 -2.649994 -96.53 -52.300003 -1.1700134 0.40000916 1.3499908 
