1382453325 -61.0 6.2799683 16.53003 1.3599854 4.01001 1.039978 -3.3599854 2.4000244 -6.840027 -18.799988 6.830017 0.73999023 -2.2999878 11.009949 0.21002197 -24.289978 -22.420044 
1382453339 -31.0 -24.289978 -22.420044 3.75 -1.7799683 -1.4400024 12.47998 3.8099976 -14.889954 12.459961 -3.7000122 -1.5299683 1.8300171 12.5199585 -14.289978 2.8099976 10.409973 
1382454160 -967.0 -362.31 -292.76 -0.009979248 22.679993 6.75 -2.5899963 0.9700012 -5.600006 0.54000854 -7.869995 -16.130005 -1.25 -3.730011 7.9599915 -3.6399841 -2.4899902 
1382469307 -929.0 -388.58002 -2.2600098 -4.3499756 6.4599915 3.4100037 471.08997 -72.66998 -20.779968 37.369995 370.21997 -458.39996 -377.08002 -2.9500122 21.580017 2.0699768 0.86001587 
1382469312 -55.0 471.08997 -72.66998 -20.779968 37.369995 370.21997 -458.39996 -377.08002 -2.9500122 21.580017 2.0699768 0.86001587 -0.9200134 -2.149994 0.1000061 -12.329987 -14.570007 
1382469318 -475.0 -377.08002 -2.9500122 21.580017 2.0699768 0.86001587 -0.9200134 -2.149994 0.1000061 -12.329987 -14.570007 -2.8900146 -0.41000366 1.1100159 -0.27001953 -3.2199707 -0.41000366 
1382708879 -60.0 586.02 70.70001 228.72003 18.089966 -46.98999 -456.27002 -423.53998 -16.080017 6.75 -1.4400024 7.100006 0.55999756 -1.9400024 -4.130005 -7.4599915 377.09003 
1382708885 -956.0 -423.53998 -16.080017 6.75 -1.4400024 7.100006 0.55999756 -1.9400024 -4.130005 -7.4599915 377.09003 439.14 -691.65 -154.41002 -3.1399994 18.480011 -0.86001587 
1382708899 -60.0 18.480011 -0.86001587 1.0800171 -0.80999756 -0.960022 2.7799988 -22.749985 -9.9900055 -1.800003 0.75 0.41000366 -0.47999573 -3.7400055 1.6500092 -0.68000793 -0.16000366 
1382711819 -421.0 -428.89 -316.81003 0.6199951 0.44000244 4.0400085 1.7600098 6.869995 -8.130005 -1.7799988 -3.100006 408.60004 150.28998 304.65997 -16.079956 -294.91003 -132.18 
1382711831 -55.0 304.65997 -16.079956 -294.91003 -132.18 -438.16998 -4.180023 4.7400208 13.349976 7.100006 -4.380005 5.8099976 -8.649994 2.730011 -11.429993 -16.540009 -2.1600037 
1382711835 -434.0 -438.16998 -4.180023 4.7400208 13.349976 7.100006 -4.380005 5.8099976 -8.649994 2.730011 -11.429993 -16.540009 -2.1600037 0.11001587 -2.1200256 3.9900208 -7.830017 
1382711913 -52.0 -72.57001 -3.7299805 4.399994 0.41000366 0.009979248 -0.8500061 0.4300232 90.42996 420.19 129.53998 -33.880005 -277.17993 -320.46002 34.160004 179.26999 -219.91998 
1382711921 -102.0 420.19 129.53998 -33.880005 -277.17993 -320.46002 34.160004 179.26999 -219.91998 355.56 229.51001 -58.29004 -71.79999 -266.76996 -204.45001 1.519989 131.70999 
1382711939 -469.0 -386.64996 -34.910004 -30.700012 356.62997 -359.05 11.600006 -1.1099854 15.660004 -2.7200012 2.0799866 -1.0499878 3.75 -4.7400208 -26.709991 -3.7200012 0.54000854 
1382711944 -82.0 11.600006 -1.1099854 15.660004 -2.7200012 2.0799866 -1.0499878 3.75 -4.7400208 -26.709991 -3.7200012 0.54000854 2.630005 -2.1100159 -3.8199768 -2.830017 5.0 
1382726101 -57.0 329.63 -9.699951 -423.5901 -349.24994 -49.690002 0.9299927 -11.02002 -3.7299805 -4.830017 11.630005 9.220032 -8.460022 368.69 105.52997 111.77002 254.0 
1382726119 -644.0 -321.91003 -228.23999 -1.9700317 20.169983 13.440002 -19.409973 -9.869995 10.559998 -0.64001465 367.99 107.130066 119.0 239.0199 66.1001 -380.2201 -267.82996 
1382726128 -55.0 367.99 107.130066 119.0 239.0199 66.1001 -380.2201 -267.82996 -258.84998 -15.350037 1.8200073 15.390015 2.5999756 -15.450012 5.0700073 -4.119995 226.10999 
1382726118 -553.0 -341.0 -321.91003 -228.23999 -1.9700317 20.169983 13.440002 -19.409973 -9.869995 10.559998 -0.64001465 367.99 107.130066 119.0 239.0199 66.1001 -380.2201 
1382726415 -625.0 -298.24005 -207.93 -16.73999 1.460022 13.449951 0.4000244 -7.159973 -12.450012 -29.48999 421.3 -320.07 -107.54999 12.7699585 23.240051 -17.970032 0.05999756 
1382726429 -57.0 -17.970032 0.05999756 12.540039 -1.5800171 -8.98999 -20.700012 5.51001 -8.050049 -11.97998 18.450012 13.799988 -12.23999 -19.580017 -3.0599976 13.9800415 -1.9400024 
1382726441 -32.0 -19.580017 -3.0599976 13.9800415 -1.9400024 -8.290039 4.950012 9.02002 -8.190002 -3.369995 -0.6300049 12.25 -8.4800415 -5.6900024 3.7800293 6.409973 -2.619995 
1382728242 -932.0 -431.08008 -301.57 -141.96997 15.169983 -5.5 7.51001 3.6099854 181.52002 18.539978 -205.02997 251.25 404.17993 -472.85992 -226.45001 -3.8900146 15.059998 
1382728237 -52.0 373.14996 103.79004 50.76001 196.95996 123.33008 -431.08008 -301.57 -141.96997 15.169983 -5.5 7.51001 3.6099854 181.52002 18.539978 -205.02997 251.25 
1382728255 -461.0 -226.45001 -3.8900146 15.059998 2.2200317 0.8499756 0.6300049 0.8800049 -3.0499878 -9.640015 -13.170013 -13.459991 2.0700073 0.6199951 -5.0400085 -0.16998291 1.3699951 
