1363681921 117.0 106.16998 -5.369995 3.3099976 -4.76001 -1.3899536 1.5099487 -3.1499634 4.1499634 -2.959961 2.0100098 2.4400024 -4.580017 -2.169983 -4.160034 -0.36999512 4.2200317 
1363682850 -127.0 -102.01001 -4.3200073 0.49002075 0.049987793 -0.48999023 1.2200012 -1.9900208 1.9100037 103.69 10.02002 -105.57001 -11.890015 1.4400024 -2.5999908 0.4900055 -2.300003 
1363682858 25.0 103.69 10.02002 -105.57001 -11.890015 1.4400024 -2.5999908 0.4900055 -2.300003 1.5299988 41.039993 8.850006 1.1199951 -2.2600098 1.6300049 -3.2200012 -8.449982 
1363682860 -86.0 -105.57001 -11.890015 1.4400024 -2.5999908 0.4900055 -2.300003 1.5299988 41.039993 8.850006 1.1199951 -2.2600098 1.6300049 -3.2200012 -8.449982 -0.02999878 -1.3399963 
1363682949 129.0 140.75 -17.76001 7.630005 -1.2399902 6.4100037 -0.730011 -0.8200073 0.9500122 -1.5499878 1.0499878 0.9500122 -1.3200073 1.4599915 -0.8800049 -0.25 -0.42999268 
1363682988 2267.0 1162.7 1.4799805 -14.659912 -10.48999 9.129883 -13.309814 -8.780029 3.039795 -11.899902 -6.1398926 8.659912 -4.48999 -3.7600098 13.169922 -2.2700195 -12.51001 
1363683670 -2217.0 -1336.7201 -925.43005 -2.2399902 0.32998657 1.0400085 -1.8600159 -2.5699768 -1.9200134 -0.1000061 0.8800049 1.0599976 -2.1999817 0.8699951 0.8299866 -1.6300049 0.8200073 
1363686073 -116.0 -53.660004 -3.2399902 2.1699982 -5.669998 0.6100006 -0.26000977 -1.1600037 -0.16999817 0.9600067 -0.41000366 -0.33999634 0.38000488 0.43998718 -1.8199921 0.020004272 0.5099945 
1363686160 115.0 87.67001 36.94998 -1.3399963 -0.539978 0.47998047 0.8000183 -0.5700073 -2.3399963 0.539978 0.21002197 0.30999756 -0.010009766 -0.6699829 -0.44000244 1.1600037 -0.060028076 
1363686762 -124.0 -15.360016 -0.8699951 -8.279999 -8.98999 -3.2000122 -1.0599976 -90.17 -0.79000854 -3.2700043 -3.149994 -2.4799957 0.3899994 -1.2700043 -4.1900024 2.130005 -5.5899963 
1363686768 -91.0 -90.17 -0.79000854 -3.2700043 -3.149994 -2.4799957 0.3899994 -1.2700043 -4.1900024 2.130005 -5.5899963 -0.070007324 -0.7400055 -0.45999146 0.81999207 -0.23999023 0.099990845 
1363686856 2344.0 73.67999 0.5700073 -0.08999634 0.11001587 650.42 1653.15 -15.810059 -12.419922 -0.4399414 -1.3901367 1.4699707 1.4599609 -5.329834 -5.8901367 1.1801758 -0.5800781 
1363686861 2229.0 1653.15 -15.810059 -12.419922 -0.4399414 -1.3901367 1.4699707 1.4599609 -5.329834 -5.8901367 1.1801758 -0.5800781 0.64990234 0.27001953 1.6101074 -2.170166 -3.7597656 
1363687207 12.0 23.649902 1.9899902 -9.290039 -6.7199707 3.9501953 3.7597656 -0.75 -4.8398438 -8.360107 -3.75 1.7199707 3.0800781 -0.30004883 -2.659912 -1.3999023 4.8898926 
1363687480 18.0 -1782.5901 -500.97998 0.16998291 -1.6199951 1.75 1937.44 377.1599 -0.38989258 3.7600098 -19.47998 -6.9299316 2.2299805 -4.5200195 -30.48999 1.9899902 4.1899414 
1363687485 2224.0 1937.44 377.1599 -0.38989258 3.7600098 -19.47998 -6.9299316 2.2299805 -4.5200195 -30.48999 1.9899902 4.1899414 -8.590088 0.44018555 7.3898926 0.67993164 -9.969971 
1363687822 -2238.0 -2033.3 -1.1099854 1.0899963 0.8499756 -1.5499878 1.2799988 0.019989014 -1.019989 1.3800049 0.0 -1.4200134 2.230011 -0.30999756 0.049987793 2.2000122 -1.2399902 
1363687869 -96.0 -55.14 -0.43000793 1.8500061 0.47000122 2.3600006 3.619995 2.5099945 0.55000305 0.9600067 1.3600006 -1.0900116 -0.84999084 0.48999023 -1.3499908 -0.30999756 -4.180008 
1363902965 117.0 136.73999 -11.630005 -10.379944 1.8599854 0.2000122 -2.7400513 0.12005615 2.919983 -3.869995 1.829956 1.6500244 -1.5200195 0.75 -4.579956 -3.7700195 1.7000122 
1363903993 129.0 88.5 46.440002 -0.8500061 -0.80999756 6.019989 1.0800171 -5.5700073 5.799988 0.69000244 -2.4799805 0.75 2.4599915 -3.0899963 0.63998413 1.1300049 0.58999634 
1363904032 2202.0 2240.44 -14.02002 1.7800293 -12.219971 -10.090088 8.640137 -2.1799316 -8.610107 4.75 -11.23999 0.9699707 -1.1499023 -17.360107 3.7399902 6.8901367 -12.630127 
1363904037 326.0 8.640137 -2.1799316 -8.610107 4.75 -11.23999 0.9699707 -1.1499023 -17.360107 3.7399902 6.8901367 -12.630127 -1.8300781 6.7700195 -9.22998 -6.8999023 8.580078 
1363904669 15.0 17.51001 -14.969971 14.859863 -16.109863 13.47998 -13.340088 13.440186 -9.870117 12.060059 -7.1101074 -1.3999023 -2.6799316 -1.8500977 5.090088 -14.550049 4.8999023 
1363904732 -2199.0 -1576.6501 -683.32996 -1.2200012 0.4199829 0.5 -0.06997681 -0.15002441 -0.35998535 1.8399963 -0.83999634 -0.049987793 -0.040008545 0.4199829 -0.87997437 1.6199951 -1.5800171 
1363907123 -98.0 36.76999 7.0400085 4.7099915 2.119995 -3.2999878 -14.440002 -0.8699951 -9.130005 -10.48999 1.9799805 -1.9400024 -87.749985 -8.930008 -1.3099976 -5.9900055 -1.3899994 
1363907128 -135.0 -14.440002 -0.8699951 -9.130005 -10.48999 1.9799805 -1.9400024 -87.749985 -8.930008 -1.3099976 -5.9900055 -1.3899994 -0.6100006 -0.8999939 -0.05000305 0.3899994 -1.5399933 
1363907134 -95.0 -87.749985 -8.930008 -1.3099976 -5.9900055 -1.3899994 -0.6100006 -0.8999939 -0.05000305 0.3899994 -1.5399933 1.1299896 1.1100006 -0.59999084 -0.3500061 1.1699982 -1.5800018 
1363907221 116.0 92.32001 33.02002 -1.4700012 -0.070007324 -0.83999634 5.600006 -7.9200134 0.9500122 -0.3500061 -0.9299927 -0.1000061 1.0 -0.8000183 -1.2099915 1.1400146 1.039978 
1363907820 -97.0 19.850006 1.6300049 3.5299988 -14.440002 -2.7900085 -10.849976 -3.8000183 2.830017 -4.480011 -99.01001 -0.17999268 -1.8999939 -5.830017 -2.1599731 0.1499939 -0.020019531 
1363907823 -128.0 -14.440002 -2.7900085 -10.849976 -3.8000183 2.830017 -4.480011 -99.01001 -0.17999268 -1.8999939 -5.830017 -2.1599731 0.1499939 -0.020019531 1.1400146 -2.1400146 0.5 
1363907829 -96.0 -99.01001 -0.17999268 -1.8999939 -5.830017 -2.1599731 0.1499939 -0.020019531 1.1400146 -2.1400146 0.5 0.8000183 -0.61001587 -0.9499817 0.38998413 0.02999878 1.0599976 
1363907916 2371.0 115.31 11.540009 -0.1000061 1.6499939 -0.5499878 1851.8501 498.78003 -10.720215 -5.569824 -3.090088 -5.169922 -2.9699707 -2.0200195 -9.420166 -7.279785 2.1298828 
1363907921 2255.0 1851.8501 498.78003 -10.720215 -5.569824 -3.090088 -5.169922 -2.9699707 -2.0200195 -9.420166 -7.279785 2.1298828 -0.27001953 1.1401367 1.6499023 1.8798828 -1.8198242 
1363908914 -2212.0 -1390.45 -0.23999023 1.6900024 1.4700012 -1.5299988 0.009979248 0.980011 1.1000061 0.25 -1.6000061 1.7099915 1.4700012 0.8800049 -0.5499878 -0.3500061 0.8999939 
1363908944 -88.0 -40.98001 -0.42999268 1.4799805 3.3600159 0.02999878 3.269989 4.330017 -0.23001099 -0.25 0.23999023 2.25 -2.5099792 0.12997437 1.3900146 3.0599976 2.4899902 
