1363549990 86.0 23.549988 -2.3299866 -0.20999146 -0.22000122 0.789978 -1.0 3.9400024 -1.0499878 0.3999939 1.25 -2.4100037 -4.049988 -0.3999939 0.22000122 1.3199768 2.4100037 
1363549990 34.0 23.549988 -2.3299866 -0.20999146 -0.22000122 0.789978 -1.0 3.9400024 -1.0499878 0.3999939 1.25 -2.4100037 -4.049988 -0.3999939 0.22000122 1.3199768 2.4100037 
1363551117 -39.0 -36.419983 2.169983 -3.5499878 3.130005 0.27999878 -2.3900146 2.3900146 1.269989 -2.7099915 0.27999878 -0.3300171 -1.0799866 1.7999878 0.6800232 -2.0200195 2.100006 
1363551246 39.0 23.05017 -5.5300293 1.579834 11.02002 -3.119873 -9.910156 8.530029 -4.0200195 -6.0598145 8.319824 -1.3398438 -1.3300781 -1.3999023 -2.8601074 -13.23999 -0.32995605 
1363553410 37.0 41.77997 3.119995 -1.6499634 -0.36999512 5.1099854 -0.32000732 -2.880005 3.7700195 -0.8800049 -33.27002 -30.769958 12.059998 9.339966 10.100037 13.299988 -6.3900146 
1363553466 -34.0 -21.679993 -2.9500122 2.4500122 7.039978 -4.880005 17.840027 -17.309998 1.5499878 -1.2199707 -7.1900024 3.380005 0.9199829 -1.8400269 3.3900146 -4.23999 0.9000244 
1363553945 -29.0 -37.629974 -6.720001 -1.6199951 0.5999756 2.0599976 -0.48999023 2.130005 -5.950012 -0.88998413 -0.730011 2.2099915 -2.0299988 3.9900208 -3.3600159 2.399994 -1.2599792 
1363554686 15.0 9.380005 2.4400024 4.139984 1.0900269 -3.730011 0.5499878 1.1100159 1.6999817 -2.1099854 -2.399994 0.23999023 0.8999939 -17.519989 -3.8099976 3.9599915 16.080017 
1363554712 -21.0 -26.179993 15.319977 4.360016 -2.899994 1.2399902 2.7099915 -1.8699951 -2.7600098 0.3000183 2.369995 -1.3500061 0.9200134 1.4400024 -0.13000488 -1.1300049 -0.17001343 
1363556756 -85.0 -48.369995 2.9599915 -0.70999146 0.2899933 -0.039993286 0.13999939 -0.29000854 0.0 -0.48999023 1.0099945 -0.83999634 0.1599884 0.19000244 0.40000916 -14.880005 18.5 
1363643101 86.0 -5.590027 340.49 -335.12 -266.47998 9.809998 1.3500061 12.569977 -7.130005 -6.279999 1.8400269 -1.8600159 -1.4299927 1.519989 0.24002075 -2.2800293 0.13000488 
1363643107 28.0 12.569977 -7.130005 -6.279999 1.8400269 -1.8600159 -1.4299927 1.519989 0.24002075 -2.2800293 0.13000488 0.5800171 0.35998535 0.86001587 -1.0100098 -1.730011 -0.17999268 
1363644707 -38.0 -39.679993 -3.6799927 -0.89001465 -0.5299988 0.7200012 0.0 0.05999756 -1.3599854 1.2999878 0.17001343 -0.69000244 0.36999512 0.9299927 -3.2999878 0.42999268 0.32000732 
1363644759 32.0 23.22998 12.730011 -12.330017 -6.399994 16.339996 0.21002197 -31.02002 2.7600098 21.190002 6.23999 -0.019989014 -5.5400085 -2.1600037 5.8900146 5.2099915 -1.3999939 
1363645051 -28.0 -15.089996 -1.4500122 -2.119995 -0.83999634 2.7799988 -0.1499939 3.6799927 -4.5400085 0.010009766 0.6199951 1.0899963 10.150024 -5.100006 -5.4200134 2.980011 6.5700073 
1363646220 24.0 33.51999 11.359985 -0.6199951 1.3399963 2.3900146 -9.230011 -8.849976 1.039978 0.8800049 2.4400024 -2.4299927 2.1799927 1.9599915 -1.1000061 -3.269989 1.0700073 
1363646530 -86.0 -50.809998 -10.26001 6.7100067 -1.9000092 -2.0399933 0.05000305 -0.5900116 0.76000977 -0.68000793 -39.839996 -49.14 0.91999817 -0.1499939 -0.08000183 0.020004272 0.1499939 
1363804596 93.0 51.48999 45.0 6.6000366 -5.799988 -2.75 3.039978 -3.5499878 -15.300049 6.7200317 -2.169983 0.4699707 3.7999878 -3.5599976 11.76001 8.669983 -1.9499512 
1363804603 -130.0 -15.300049 6.7200317 -2.169983 0.4699707 3.7999878 -3.5599976 11.76001 8.669983 -1.9499512 -16.050049 1.7800293 0.42999268 21.849976 -2.6499634 -1.0599976 0.39996338 
1363804935 12.0 5.8600464 -5.910034 0.69000244 4.4299927 -9.01001 1.5200195 3.6599731 -6.669983 1.5900269 2.3099976 -4.700012 3.8900146 -1.0700073 -2.619995 3.7299805 1.8500366 
1363804964 -91.0 -12.669983 -5.840027 2.0300293 0.85998535 -4.2800293 5.1000366 -0.8000488 -1.1899414 6.3899536 -2.880005 9.710022 4.669983 -3.6599731 2.209961 -0.539978 -5.2700195 
1363805244 -35.0 -29.630005 4.2700195 -5.450012 -2.3200073 0.5999756 0.84002686 0.55999756 11.679993 16.130005 -0.5499878 2.2399902 0.17999268 -1.4199829 -1.6500244 1.5100098 3.289978 
1363805777 14.0 34.78 2.1800232 3.8399963 -1.1700134 1.0800171 4.3499756 -33.849976 -14.660004 2.0 4.299988 5.0 1.519989 0.21002197 3.2999878 -2.419983 1.8499756 
1363805783 -24.0 -33.849976 -14.660004 2.0 4.299988 5.0 1.519989 0.21002197 3.2999878 -2.419983 1.8499756 3.1500244 -1.8100281 2.830017 2.669983 -2.5 9.420013 
1363805824 -127.0 -40.640015 2.630005 -12.399994 -77.80002 -16.189972 -9.029999 1.0999756 -1.0599976 -1.0 1.3600159 -1.5599976 17.73999 2.7999878 -6.6299744 0.8199768 0.66000366 
1363805827 -86.0 -77.80002 -16.189972 -9.029999 1.0999756 -1.0599976 -1.0 1.3600159 -1.5599976 17.73999 2.7999878 -6.6299744 0.8199768 0.66000366 -1.6000061 2.2400208 0.5499878 
1363814200 86.0 22.75 0.44000244 -3.169983 -0.010009766 2.100006 -2.7400208 3.2200012 8.820007 2.1700134 -3.399994 -7.76001 2.0899963 -1.3900146 0.47000122 0.27001953 -1.5599976 
1363814416 23.0 41.140015 6.8599854 -1.8300171 -0.76000977 1.3400269 1.4099731 -1.7299805 -2.0999756 -1.7300415 -11.349976 2.0499878 -4.01001 0.020019531 -0.64001465 -0.06997681 1.3699951 
1363814674 25.0 26.559998 -0.4500122 6.869995 0.7799988 -1.7099915 1.8200073 2.4899902 -4.0400085 0.21002197 1.6799927 0.4499817 -10.259979 1.9400024 -0.36001587 -7.9799805 0.10998535 
1363814893 31.0 30.269958 13.530029 -1.3099976 -15.619995 -9.300049 4.3500366 -1.1099854 0.50994873 7.630005 14.590027 -2.7600098 0.25 2.1900024 -3.0299683 -14.990051 0.090026855 
1363814937 -28.0 -5.950012 8.660034 10.799988 -3.2999878 1.1099854 2.580017 0.30999756 -2.2999878 0.5499878 12.73999 -11.01001 -8.51001 -3.7799683 -7.2200317 -10.049988 -0.47998047 
1363815964 -37.0 -28.340027 0.0 -8.119995 -3.7399902 2.2999878 0.6199951 -4.049988 -0.55999756 2.25 0.35998535 -3.7600098 1.7200317 0.27001953 0.0099487305 0.41003418 -0.59002686 
1363818827 -29.0 -18.449982 -7.0500183 1.2000122 1.9599915 0.66000366 -2.0400085 -0.19998169 1.3399963 0.20999146 1.269989 -2.3099976 1.2000122 4.669983 3.7000122 0.30999756 -3.0499878 
1363819660 10.0 17.200012 -9.839996 -3.869995 0.38998413 -16.359985 -3.5400085 14.339996 -15.419983 2.0799866 0.0 5.630005 0.0 -3.6100159 0.0 -2.399994 0.0 
1363820981 -31.0 -20.379974 4.519989 3.5799866 -3.269989 -0.7200012 -0.040008545 -6.720001 -0.13998413 2.480011 -1.9000244 8.130005 23.589996 -2.9700012 2.330017 3.8899841 -0.19000244 
1363821094 16.0 10.789978 -0.45999146 -7.2099915 13.25 -17.23999 -8.890015 1.75 -3.8299866 15.119995 -1.4200134 -12.100006 0.8500061 -4.380005 30.580017 6.919983 -0.5 
1363822260 17.0 12.360016 -4.880005 4.4299927 5.210022 -1.8100281 1.4100037 -13.190002 6.26001 -4.9100037 -4.6099854 -1.0 -0.08999634 3.9299927 1.4799805 3.7800293 -2.0700073 
1363822306 -29.0 -25.24002 -12.709991 1.1000061 2.8299866 -0.60998535 1.3099976 1.2799988 -2.4200134 1.3000183 12.350006 11.369995 4.970001 -8.370026 -21.829987 4.950012 4.869995 
1363822364 -85.0 -39.11 2.6699982 1.3300018 -1.6799927 1.3199921 -0.9700012 0.16000366 0.1499939 -1.2099915 0.8899994 -0.18000793 -3.199997 -1.300003 -0.6299896 0.269989 0.55999756 
1363890056 94.0 15.049988 -0.2199707 -2.75 -0.69000244 -0.4500122 -1.8599854 5.880005 8.099976 43.210022 39.349976 -5.130005 3.8500366 -0.9100342 3.2399902 -9.459961 -6.3099976 
1363890066 -31.0 -5.130005 3.8500366 -0.9100342 3.2399902 -9.459961 -6.3099976 -2.5300293 -2.0 0.8699951 6.6100464 -7.6000366 22.47998 5.2700195 -19.539978 -7.4400024 6.4400024 
1363891645 -37.0 -40.289978 -4.409973 4.629944 -5.079956 4.8999634 2.0100098 -5.01001 4.040039 0.16998291 29.190002 -3.619995 1.5899658 -3.1900024 0.27001953 2.7999878 -4.6900024 
1363891717 -33.0 -37.549988 -5.5599976 -3.2799683 2.2199707 0.59002686 -3.6000366 4.9299927 -1.1699829 5.380005 0.539978 -2.1099854 5.1400146 -6.5700073 7.75 -0.15002441 1.5300293 
1363891871 -86.0 26.700012 1.4000244 4.3099976 3.630005 -36.22003 -4.5799866 3.0899963 -0.19000244 -1.25 -2.1599731 -87.900024 -30.359985 -7.450012 1.7400208 -2.9100037 -1.3099976 
1363891875 -118.0 -36.22003 -4.5799866 3.0899963 -0.19000244 -1.25 -2.1599731 -87.900024 -30.359985 -7.450012 1.7400208 -2.9100037 -1.3099976 5.049988 -5.7900085 3.380005 -1.5499878 
1363891881 -86.0 -87.900024 -30.359985 -7.450012 1.7400208 -2.9100037 -1.3099976 5.049988 -5.7900085 3.380005 -1.5499878 -4.350006 -15.899994 3.2399902 -50.72 -36.579987 -0.33999634 
1363895234 86.0 -146.79001 -33.48001 5.6799927 1.4400024 -6.3200073 -0.769989 3.6799927 -4.23999 -0.02999878 0.29000854 2.1399841 -3.4100037 1.7099915 32.80002 56.649994 -22.880005 
1363895499 34.0 33.549988 1.9699707 -0.4699707 -0.21002197 -2.5 0.46002197 3.6799927 -3.4500122 -1.6900024 0.9800415 2.7399902 -1.0400391 1.1600342 0.72998047 -1.2699585 -1.5700073 
1363895874 -28.0 -31.25 8.900024 -6.950012 4.3099976 19.559998 -5.369995 -24.220032 5.050049 7.8899536 -3.2699585 -14.610046 0.5 3.9000244 -10.0 0.15997314 4.120056 
1363896004 -32.0 -16.829956 10.919983 3.3499756 -8.049988 7.200012 -1.5300293 -0.69000244 3.330017 -1.0200195 -4.3999634 2.2999878 -0.14001465 -1.7600098 13.470032 -6.1500244 3.6099854 
1363896017 17.0 13.470032 -6.1500244 3.6099854 -18.019958 11.409973 -4.0299683 10.450012 -9.470032 -1.4899902 20.359985 25.340027 1.2099609 -7.9299927 -8.289978 -6.5 3.3200073 
1363899426 17.0 5.3900146 -8.460022 -4.1799927 -0.47000122 2.7099915 -6.8099976 3.7000122 -3.0799866 3.3799744 -3.5099792 3.3899841 4.2900085 -5.529999 19.179993 1.2799988 2.7099915 
1363899976 30.0 22.149994 -0.52001953 -1.1099854 1.8999939 -10.23999 7.5700073 -0.76000977 6.26001 -0.89001465 8.910004 -19.149994 15.98999 -0.32998657 1.5899963 -0.64001465 4.51001 
1363902481 -86.0 -55.689987 -19.529999 -17.310013 -3.8599854 -0.08000183 -9.590012 -4.619995 0.47999573 1.8800049 -2.1900024 0.15000916 1.9199982 -2.6500092 0.730011 0.80999756 -1.9199982 
1363989716 100.0 17.859985 0.8300171 24.51001 -19.820007 -5.919983 -1.8400269 3.7399902 -3.0199585 6.329956 1.7900391 -0.27001953 0.54003906 3.4699707 2.9299927 -5.98999 -1.7000122 
1363989718 63.0 24.51001 -19.820007 -5.919983 -1.8400269 3.7399902 -3.0199585 6.329956 1.7900391 -0.27001953 0.54003906 3.4699707 2.9299927 -5.98999 -1.7000122 6.0200195 4.909973 
1363989812 -31.0 -12.859985 -9.029999 -8.450012 -4.3099976 -0.35998535 -2.25 -0.29000854 2.2200012 0.42999268 2.100006 -2.0299988 1.1699829 -2.039978 1.7799988 1.8599854 -2.4599915 
1363989853 35.0 18.23999 0.049987793 1.4100037 1.8399963 -8.449982 -2.100006 2.480011 -1.3300171 1.5200195 -1.5900269 -11.449982 -3.3900146 -0.4499817 11.47998 10.990021 -0.11001587 
1363990030 10.0 35.799988 2.330017 -35.54001 14.509979 9.880005 -25.949982 10.0 2.2399902 -6.450012 -5.9299927 33.45999 -12.309998 -14.789978 0.1499939 3.230011 2.939972 
1363990131 -34.0 -21.300018 0.74002075 -2.080017 2.3900146 2.669983 -1.3500061 -0.4499817 0.049987793 0.99002075 0.83999634 -2.25 -2.2400208 0.16000366 1.6700134 -1.3600159 -1.1300049 
1363990947 34.0 24.95996 0.11004639 -1.9400024 1.4199829 -155.23001 -55.579987 -0.3000183 -13.869995 -2.380005 -20.839996 -15.949982 -5.7900085 7.8399963 0.61001587 3.0 -5.1500244 
1363991074 35.0 16.899994 -1.8699951 -0.1000061 1.7900085 -4.01001 2.369995 -1.0499878 0.20999146 2.4500122 -3.230011 3.230011 -2.4200134 0.6199951 1.6900024 -1.9100037 3.100006 
1363991162 -26.0 -18.23999 3.0100098 -2.460022 3.9100037 -2.4400024 2.5299988 1.1000061 -0.519989 3.25 -2.7000122 3.1800232 -2.0500183 1.5500183 1.5699768 -4.0599976 3.5 
1363991221 24.0 32.47 8.100006 -3.810028 3.060028 -4.7900085 4.649994 -3.149994 2.2900085 -11.040009 -2.149994 0.30999756 0.85998535 -2.5599976 -4.049988 2.1900024 -3.9500122 
1363991271 -17.0 -20.01001 -3.1900024 2.4500122 -1.6499939 0.269989 2.1100159 -2.830017 3.4900208 -4.340027 2.600006 -2.649994 2.9700012 0.69000244 1.3200073 2.1600037 -1.5800171 
1363991367 32.0 25.179993 1.3099976 4.0700073 -1.3000183 -0.40997314 3.899994 -1.5200195 -1.1699829 0.66000366 -2.369995 -23.410004 0.80999756 5.850006 -0.41000366 -1.7799988 10.009979 
1363993198 -27.0 -10.790009 -1.4500122 -6.720001 -5.0 -3.25 -4.0 1.5800171 -2.2400208 3.5700073 2.7700195 5.6799927 -7.4900208 2.1700134 -3.2000122 4.680023 -3.0500183 
1363994006 -86.0 -84.67999 -20.15001 -29.590012 -6.1399994 -0.17999268 1.25 0.0 -0.44999695 0.0 -0.5200043 0.0 0.020004272 0.0 -0.15000916 0.4600067 -0.80999756 
