1363548311 -283.0 -93.51999 0.38000488 -0.6700134 -1.0099792 1.8499756 -0.05999756 0.46002197 -1.0400085 -0.08999634 0.83999634 1.1699829 -0.43997192 -0.8100281 0.020019531 0.79000854 0.72998047 
1363549279 278.0 124.67001 5.8099976 11.149994 -0.980011 -0.48999023 -0.11001587 0.58999634 0.32000732 -0.8200073 -1.269989 -12.299988 -2.4400024 0.16000366 -0.08999634 -0.22000122 1.7200012 
1363549502 -284.0 -147.13998 -57.399994 -0.17001343 1.1200104 -0.30999756 -1.2700043 -0.3500061 -0.59999084 0.6799927 -0.17999268 0.08999634 -0.3600006 -0.3500061 -0.22000122 0.75 1.3400116 
1363552284 -287.0 -134.04999 -58.070007 1.0199585 4.6400146 2.2999878 -0.9299927 2.290039 -0.5700073 -2.1000366 -15.690002 1.1300049 10.150024 5.089966 1.2600098 1.460022 -2.7000122 
1363553116 272.0 149.34998 4.420044 -2.2400513 -1.2599487 0.8399658 1.25 1.3800049 -3.330017 -0.15997314 0.98999023 0.65997314 -0.05999756 -1.0099487 -10.75 -5.800049 7.040039 
1363553116 27.0 149.34998 4.420044 -2.2400513 -1.2599487 0.8399658 1.25 1.3800049 -3.330017 -0.15997314 0.98999023 0.65997314 -0.05999756 -1.0099487 -10.75 -5.800049 7.040039 
1363553135 -29.0 -11.5 -8.339844 0.98999023 14.939941 -16.070068 -17.929932 -26.75 11.3498535 1.6501465 -11.340088 -0.58984375 -0.6801758 -10.22998 -3.829834 4.7199707 15.48999 
1363553189 -59.0 -22.819824 -0.57006836 6.330078 0.80981445 9.670166 11.559814 -2.9499512 -12.97998 12.52002 11.389893 0.8601074 14.27002 -9.969971 0.7800293 30.179932 -2.459961 
1363553203 38.0 30.179932 -2.459961 -6.330078 -13.790039 2.0500488 -3.1999512 -23.070068 5.01001 6.9699707 -2.7199707 -1.6699219 14.810059 0.059814453 -9.209961 11.22998 6.48999 
1363553206 -17.0 -13.790039 2.0500488 -3.1999512 -23.070068 5.01001 6.9699707 -2.7199707 -1.6699219 14.810059 0.059814453 -9.209961 11.22998 6.48999 5.6901855 -20.300049 -2.6401367 
1363553605 -262.0 -138.88998 -2.0500183 1.0400085 -10.440002 -23.160004 0.9500122 1.5400085 3.2999878 2.3200073 -9.839996 4.149994 13.570007 -6.1600037 10.019989 -3.5099792 -7.9100037 
1363556780 266.0 135.86998 31.529999 -6.519989 -0.3999939 -0.76000977 1.5 0.69000244 -0.9299927 0.22000122 0.32998657 0.36999512 -0.65997314 0.22998047 0.42001343 0.32998657 -0.08999634 
1363556782 -38.0 -6.519989 -0.3999939 -0.76000977 1.5 0.69000244 -0.9299927 0.22000122 0.32998657 0.36999512 -0.65997314 0.22998047 0.42001343 0.32998657 -0.08999634 -1.2799988 0.41000366 
1363557364 -285.0 -84.49002 16.520004 -5.25 0.8699951 -1.3799896 1.1900024 -0.8500061 0.6100006 -0.41000366 0.9799957 -0.59999084 0.27999878 -0.02999878 0.31999207 -0.009994507 -0.2400055 
1363568729 314.0 88.399994 -52.579987 28.799988 -0.70999146 0.23999023 -0.049987793 25.019989 86.48001 4.4200134 0.69000244 -0.26000977 -2.080017 0.05001831 -0.02999878 2.2200012 -1.1800232 
1363568860 -285.0 -218.14 0.19999695 -0.5200043 1.3700104 -1.1500092 0.15000916 0.11000061 0.27999878 -0.4900055 -0.069992065 0.6299896 0.9700012 -1.3399963 0.25 -0.47000122 0.5099945 
1363589822 288.0 173.38 8.869995 -2.419983 0.789978 -0.6499939 0.0 1.7099915 -1.2999878 -0.5800171 0.31002808 1.0099792 -0.38998413 -1.1300049 -0.6000061 0.6300049 0.66000366 
1363590742 -81.0 20.570007 -3.1799927 1.789978 1.6000061 -0.13998413 -3.7900085 0.29000854 -0.960022 -0.5299988 0.17001343 -0.05001831 0.30999756 -0.30999756 0.19000244 0.33999634 -0.5499878 
1363591134 -281.0 -137.15 0.3600006 -0.54000854 -0.5 0.26000977 0.70999146 0.30999756 -0.6499939 -0.43000793 0.480011 0.3899994 0.039993286 -0.6299896 -0.0900116 0.4600067 0.3600006 
1363605820 306.0 137.99002 13.619995 16.0 -0.9000244 0.35003662 -2.3099976 1.0299683 1.0900269 1.3699951 -1.9899902 -0.6300049 0.98999023 0.90997314 -1.6799927 -0.2000122 1.6500244 
1363605822 12.0 16.0 -0.9000244 0.35003662 -2.3099976 1.0299683 1.0900269 1.3699951 -1.9899902 -0.6300049 0.98999023 0.90997314 -1.6799927 -0.2000122 1.6500244 -0.42999268 -0.039978027 
1363610289 -329.0 -150.70001 -88.94998 2.969986 -6.969986 0.3899994 -0.2000122 1.300003 -0.48999023 -0.1000061 -0.80999756 1.2599945 0.30999756 -1.4700012 -0.37998962 0.75 0.2899933 
1363615348 377.0 150.51001 23.970001 2.7099915 -1.4599915 -1.4299927 0.69000244 0.8999939 -3.7000122 -0.009979248 2.8499756 -2.7599792 0.06997681 0.17001343 0.5 -1.6199951 0.17999268 
1363615547 -391.0 -228.85 -130.47 0.2000122 0.7899933 -1.2100067 0.17001343 0.3999939 0.33999634 -0.7899933 -0.4600067 0.6000061 0.7299957 -0.47000122 -0.5 0.4600067 0.45999146 
1363620161 430.0 241.10004 133.29999 15.619995 -3.1099854 -1.2200317 3.4700317 -3.7300415 -0.40997314 3.710022 -4.340027 1.460022 1.9899902 -3.2200317 4.130005 -1.0899658 -2.7600098 
1363628481 -417.0 -271.83002 -0.6499939 -0.16999817 0.47999573 0.18000793 0.5099945 -0.3899994 0.47000122 0.17999268 0.3400116 0.95999146 -1.3399963 -0.7799988 0.08000183 0.12998962 -0.3600006 
1363628749 406.0 174.44003 20.349976 -0.789978 -0.030029297 -9.339966 -70.880005 -0.5800171 -1.6199951 2.1900024 0.8800049 -1.5100098 -0.69000244 0.7000122 1.7299805 -0.7999878 -0.6799927 
1363628941 -409.0 -329.19 0.9799957 -0.8600006 -0.2899933 0.8600006 -1.4199982 0.20999146 0.480011 0.8299866 -2.0099945 0.55000305 0.19000244 -0.41999817 -0.54000854 0.8899994 0.070007324 
1363629550 344.0 205.65 127.55002 -33.23999 -8.300049 -0.44000244 1.3700562 2.539978 -1.5 -0.4199829 0.8999634 1.5300293 -1.2200317 -1.25 1.0499878 0.75 -0.33996582 
1363630315 -354.0 -191.15002 -116.899994 1.2799988 -1.6300049 1.300003 0.05000305 -0.55999756 0.41999817 0.7799988 -1.5 0.5200043 0.22999573 -1.5999908 1.1499939 0.83000183 -1.4600067 
1363630519 349.0 162.55998 114.93002 17.99997 -1.4799805 -0.15997314 1.7799683 1.7600098 -2.2399902 1.0299683 1.5100098 -2.0 1.1000366 1.7299805 -2.669983 2.3399658 2.3900146 
1363633456 -364.0 -232.63 1.1399994 -1.4100037 -1.1599884 0.2899933 1.1399994 -1.3600006 0.070007324 0.34999084 0.16999817 -0.7899933 -0.18000793 0.13000488 -0.41999817 -0.2899933 0.13999939 
1363640228 372.0 208.63998 55.600006 -1.5300293 -0.099975586 0.11999512 -0.5899658 0.0099487305 0.17999268 1.5100098 -1.2399902 -0.8200073 0.049987793 -0.0099487305 0.32995605 -0.5499878 0.5700073 
1363640285 -348.0 -195.28 2.7700043 -6.3600006 -0.5299988 1.4199982 -0.58999634 -0.16999817 13.289993 -2.7799988 -10.520004 0.32000732 -0.070007324 0.020004272 -0.34999084 0.2899933 0.0 
1363641893 337.0 140.07 28.349976 3.7399902 9.990051 13.719971 2.0200195 3.2299805 2.8400269 3.0199585 4.170044 -11.100037 -4.7299805 -0.039978027 0.8699951 0.5999756 0.15002441 
1363641949 12.0 8.810059 8.050049 4.7697754 -12.72998 0.26000977 -4.7800293 -0.35986328 1.1298828 2.460205 2.119873 0.6398926 -1.7199707 -3.789795 -3.340088 -1.5900879 1.4001465 
1363641952 -58.0 -12.72998 0.26000977 -4.7800293 -0.35986328 1.1298828 2.460205 2.119873 0.6398926 -1.7199707 -3.789795 -3.340088 -1.5900879 1.4001465 2.6098633 -3.4199219 -2.5 
1363643104 -353.0 -266.47998 9.809998 1.3500061 12.569977 -7.130005 -6.279999 1.8400269 -1.8600159 -1.4299927 1.519989 0.24002075 -2.2800293 0.13000488 0.5800171 0.35998535 0.86001587 
1363643649 369.0 201.66003 89.0 6.1399536 -8.130005 -2.7699585 5.6099854 6.9000244 -2.9700317 2.9799805 -0.7699585 12.940002 3.539978 -18.78003 -7.959961 5.8200073 2.630005 
1363643683 -368.0 -184.52997 -133.17001 1.5599976 -0.45999146 -1.1000061 -18.339996 -3.2000122 20.200012 2.7099915 -2.350006 0.29000854 -2.5 0.0 0.7799988 0.0 3.9299927 
1363676331 349.0 208.65001 18.970001 -15.600006 0.19000244 -1.3699951 0.38998413 0.0 -0.769989 0.32998657 -0.42999268 -1.4599915 0.02999878 -0.1000061 -0.1000061 0.58999634 -1.769989 
1363681953 -325.0 -200.12003 0.0 -0.7799988 0.0 -7.01001 0.0 -2.4499817 2.3299866 -1.7799988 0.27001953 2.2599792 -3.119995 0.2000122 -0.64001465 0.040008545 1.1699829 
1363690271 325.0 148.08008 72.42993 2.5300293 -1.1000977 -3.6098633 -0.3400879 -1.2099609 2.9499512 0.5500488 -7.949951 -11.659912 2.9699707 -8.440186 -6.569824 0.3798828 13.870117 
1363690856 -293.0 -208.00012 -3.0100098 -3.2299805 2.869995 1.4500732 1.2698975 2.0300293 -1.0499268 6.6499023 5.7301025 -6.910034 -3.6800537 1.5 2.630005 -2.209961 14.569946 
1363701616 439.0 207.96997 12.0 -0.85998535 3.3099976 -4.2699585 0.4199829 3.6400146 -3.6500244 0.76000977 2.369995 -3.2000122 3.1500244 0.3899536 -2.7399902 2.8900146 -2.7799683 
1363703421 -405.0 -386.86 -21.61 0.069992065 -0.47000122 0.2000122 -0.78001404 -0.34999084 0.17999268 0.65000916 -0.7400055 0.55999756 -0.6100006 1.2900085 -1.25 0.81999207 0.80000305 
1363714225 416.0 233.37 112.02002 6.549988 -3.0900269 1.2000122 1.7800293 -3.7399902 1.1699829 2.7399902 -3.4899902 -0.05999756 3.5100098 -4.0300293 -0.5999756 2.4799805 -2.9099731 
1363714226 73.0 112.02002 6.549988 -3.0900269 1.2000122 1.7800293 -3.7399902 1.1699829 2.7399902 -3.4899902 -0.05999756 3.5100098 -4.0300293 -0.5999756 2.4799805 -2.9099731 -1.7200317 
1363716251 -411.0 -396.34 0.019996643 0.5600052 0.08999634 -0.3600006 0.73999786 -0.8699951 -0.3600006 1.1399994 -1.7399979 1.159996 -0.3600006 -0.65999603 0.5699997 -0.5299988 0.1800003 
1363716319 415.0 219.56998 61.960022 -0.55999756 2.5499878 -3.5700073 -0.7000122 2.9000244 -2.6400146 -1.7099609 2.9899902 -1.3200073 -2.4500122 2.119995 0.9100342 -2.0300293 1.0 
1363720167 -374.0 -172.71 3.2700043 -0.2599945 0.32998657 -0.17999268 0.91999817 -2.1600037 0.18000793 0.25 0.08999634 0.58000183 0.22999573 -0.3999939 -0.120010376 0.11000061 0.27000427 
1363727305 399.0 204.07 120.54999 25.410034 -3.290039 1.3400269 2.8200073 -3.710022 2.790039 3.2299805 -3.9100342 0.2800293 2.7799683 -4.3899536 0.8399658 3.2700195 -4.3099976 
1363727351 -42.0 -106.55005 4.5200195 -0.69000244 11.859985 1.420044 -10.880005 -3.2800293 1.0599976 1.9500122 -3.25 1.039978 3.1400146 -2.4099731 0.28997803 2.039978 -2.4099731 
1363727626 -72.0 5.1899414 3.6799316 -3.5600586 -3.869873 -0.9199219 2.7600098 8.659912 -0.11010742 -3.909912 -3.1101074 -1.4299316 1.9899902 1.8400879 1.8398438 -1.9199219 -0.8498535 
1363727646 24.0 -274.75 -1.8800049 -0.5 0.64001465 0.2199707 1.0200195 0.8800049 0.10998535 -0.4000244 -0.5699463 -0.5500488 0.21002197 1.5300293 -0.710022 -0.6199951 -0.4199829 
1363727646 -91.0 -274.75 -1.8800049 -0.5 0.64001465 0.2199707 1.0200195 0.8800049 0.10998535 -0.4000244 -0.5699463 -0.5500488 0.21002197 1.5300293 -0.710022 -0.6199951 -0.4199829 
1363727709 15.0 10.570007 -9.570007 -2.1099854 0.4199829 0.79003906 0.44995117 0.12005615 -3.960022 -0.25 0.6799927 0.9199829 1.2600098 -1.9400024 -0.20996094 0.75 -0.5600586 
1363729262 -320.0 -147.67001 -93.97998 -1.25 0.19998169 -0.63998413 0.0 -0.3300171 -0.45999146 -0.16000366 -0.25 0.74002075 0.5799866 -0.86001587 0.060028076 -0.7000122 0.94000244 
1363762684 277.0 119.09 90.899994 0.14001465 0.6799927 0.7799988 1.019989 0.14001465 -0.6300049 -0.1499939 -0.66000366 0.76000977 0.2999878 -0.049987793 -0.51000977 -1.25 -0.13000488 
1363763026 -48.0 -2363.43 -3.6500244 -0.4199829 -0.36999512 0.19000244 0.55999756 -0.5500183 -0.22998047 0.05999756 0.48999023 -0.23999023 -0.27999878 0.5999756 24.400024 -5.350006 3.350006 
1363763039 17.0 24.400024 -5.350006 3.350006 1.1399841 0.8800049 -2.6099854 -1.460022 -0.32998657 -1.3600159 -0.009979248 0.13000488 -0.31002808 0.27001953 0.63998413 -0.02999878 -0.6799927 
1363763040 -78.0 -5.350006 3.350006 1.1399841 0.8800049 -2.6099854 -1.460022 -0.32998657 -1.3600159 -0.009979248 0.13000488 -0.31002808 0.27001953 0.63998413 -0.02999878 -0.6799927 -0.41000366 
1363763210 25.0 12.119995 9.160004 -11.070007 12.700012 -0.020019531 2.0200195 0.13000488 -3.4900208 0.7799988 -0.36999512 0.14001465 0.58999634 -0.13000488 0.94000244 -0.80999756 -0.9299927 
1363763541 49.0 -509.18002 -2.119995 0.8800049 0.51000977 0.789978 -0.88998413 -1.1700134 1.0200195 0.80999756 0.789978 -1.7299805 1.1900024 -1.5500183 0.6199951 0.5500183 -0.8999939 
1363763592 29.0 40.549805 6.930176 1.0400391 4.129883 -0.5800781 -11.209961 1.6000977 2.619873 -3.7399902 -4.209961 3.130127 4.5998535 -2.5700684 -4.9799805 2.8000488 5.25 
1363764425 -311.0 -194.62 -0.4600067 0.05000305 0.4900055 -0.08999634 -0.5900116 0.0900116 -0.16000366 0.33999634 -0.7400055 0.120010376 -0.16999817 -0.11000061 -0.21000671 -0.069992065 -0.17001343 
1363766894 -67.0 21.880005 -2.5100098 3.0400085 0.30999756 2.100006 -2.3600159 -2.649994 0.11001587 0.8199768 0.39001465 0.22000122 -2.369995 1.2599792 -1.2799988 0.37002563 -1.3700256 
1363767123 -10.0 24.609985 -5.029999 4.9200134 1.0899963 -2.0299988 -2.0599976 -0.980011 0.8200073 0.22998047 -0.28997803 -0.74002075 0.7200012 0.74002075 -0.8300171 -1.2399902 -1.3800049 
1363767124 -72.0 -5.029999 4.9200134 1.0899963 -2.0299988 -2.0599976 -0.980011 0.8200073 0.22998047 -0.28997803 -0.74002075 0.7200012 0.74002075 -0.8300171 -1.2399902 -1.3800049 -0.14001465 
1363767220 17.0 -5.2900085 0.02999878 1.019989 0.64001465 -0.47000122 -1.2399902 0.25 0.789978 -0.19000244 -0.8299866 -0.3500061 0.020019531 0.269989 -1.0299988 0.0 0.3500061 
1363767220 -41.0 -5.2900085 0.02999878 1.019989 0.64001465 -0.47000122 -1.2399902 0.25 0.789978 -0.19000244 -0.8299866 -0.3500061 0.020019531 0.269989 -1.0299988 0.0 0.3500061 
1363767822 17.0 13.630005 7.6600037 1.7900085 -0.86001587 -0.9199829 0.25 -3.080017 0.1499939 0.51000977 0.42001343 -1.6600037 -0.6000061 1.5599976 0.64001465 -0.6700134 -0.32000732 
1363768057 -36.0 19.359985 -15.47998 12.559998 0.70999146 1.1600037 -1.8200073 -1.6900024 -0.22998047 -0.27001953 1.3900146 0.26000977 0.80999756 -2.4900208 -0.3199768 -1.2800293 -0.70999146 
1363768058 -114.0 -15.47998 12.559998 0.70999146 1.1600037 -1.8200073 -1.6900024 -0.22998047 -0.27001953 1.3900146 0.26000977 0.80999756 -2.4900208 -0.3199768 -1.2800293 -0.70999146 -1.7399902 
1363768292 -50.0 20.410004 -3.3000183 0.8999939 1.8600159 0.8699951 -2.7999878 -1.210022 0.0 1.6600037 0.0 -0.23999023 0.0 -0.75 1.3599854 -1.6699829 -0.8200073 
1363768650 11.0 -5.4299927 0.0 1.4199829 0.0 -0.30999756 0.0 -1.8099976 -0.79000854 1.3200073 -0.10998535 -1.0800171 1.6199951 -0.10998535 0.269989 -0.5499878 0.2999878 
1363768796 -294.0 -50.440002 -121.54999 1.0599976 -0.730011 -1.8299866 1.6799927 0.8800049 -0.58999634 -0.040008545 0.049987793 -0.8499756 -1.4600067 1.4000092 0.6499939 -0.020019531 -1.4499817 
1363768797 -246.0 -121.54999 1.0599976 -0.730011 -1.8299866 1.6799927 0.8800049 -0.58999634 -0.040008545 0.049987793 -0.8499756 -1.4600067 1.4000092 0.6499939 -0.020019531 -1.4499817 0.069992065 
1363782626 331.0 195.87988 12.880127 -12.660156 10.590088 -14.22998 -4.6799316 10.51001 -21.900146 11.330078 7.25 -14.670166 8.970215 3.3098145 -11.309814 8.27002 -7.090088 
1363783615 -308.0 -163.89001 -94.609985 0.7200012 0.2899933 -0.16999817 -0.8899994 0.66000366 1.0699921 -0.25 0.020004272 -0.4600067 0.040008545 0.05000305 0.6299896 -1.8799896 0.11000061 
1363791152 386.0 152.70001 29.209991 2.350006 -2.3200073 -1.0999756 0.15997314 0.87002563 -0.6800232 -0.789978 2.0499878 -2.2399902 -0.7000122 1.4400024 0.32000732 -2.2700195 0.11001587 
1363792172 -397.0 -224.87 -157.58002 -1.0499954 0.19999695 1.1299973 -1.3699951 0.30999756 0.62000275 -0.21000671 -0.44999695 0.48999786 0.26000214 -0.69000244 0.33000183 0.27000427 -0.87000275 
1363793948 414.0 211.48 133.03998 22.100037 0.6199951 2.419983 0.89001465 -0.34002686 -0.6499634 -0.32000732 0.2199707 0.2999878 0.19000244 0.47003174 0.25 0.13000488 2.289978 
1363794515 -403.0 -296.5 -88.94 0.27000427 0.48999023 -0.43998718 -0.55000305 3.399994 3.8099976 0.37001038 -2.3400116 -4.939987 0.039993286 -0.13000488 0.3400116 0.33999634 -0.05999756 
1363798408 417.0 9.069992 205.76999 185.25 35.619995 -2.5700073 0.05999756 1.5599976 -1.0499878 -2.3599854 -0.64001465 4.420044 -0.84002686 -0.9000244 1.0900269 2.119995 -1.6799927 
1363798410 330.0 185.25 35.619995 -2.5700073 0.05999756 1.5599976 -1.0499878 -2.3599854 -0.64001465 4.420044 -0.84002686 -0.9000244 1.0900269 2.119995 -1.6799927 -1.289978 1.0099487 
1363798865 -419.0 -194.61 0.17999268 -0.55999756 1.199997 0.010009766 -1.1900024 0.009994507 0.5700073 -1.230011 0.55000305 0.43000793 -1.2799988 1.5099945 -0.009994507 -0.40000916 0.15000916 
1363801632 419.0 98.5 1.3499756 -0.70996094 1.9899902 -1.9199829 -0.46002197 -0.69000244 3.380005 -1.5 -2.5200195 445.17004 2030.0299 -18.46997 -20.159912 -9.9001465 -1.1098633 
1363805514 -420.0 -318.28 -0.1000061 0.5799866 1.480011 -0.19000244 -0.98999023 -0.13000488 0.7799988 0.36001587 -1.8700256 -0.30999756 -0.16000366 1.1300049 1.5599976 0.5 -0.049987793 
1363808887 411.0 204.97 62.460022 -0.4800415 -0.44000244 -1.7999878 -0.72998047 -0.6600342 0.32000732 1.2200317 0.5 2.1400146 0.3199463 0.80999756 0.4000244 -0.23999023 -2.080017 
1363809262 -412.0 -382.48 -42.589996 -1.6399841 1.9099731 -1.4299927 0.8500061 -0.269989 -0.55999756 0.11999512 0.25 0.769989 -0.02999878 -1.0499878 -0.05001831 3.1400146 -0.24002075 
1363813825 316.0 242.67001 109.54999 -113.75 -17.830017 27.29004 -14.51001 15.919983 -7.5700073 -11.149963 3.619995 -2.580017 -0.8800049 1.2799683 -0.9299927 3.119995 2.4100342 
1363814171 -285.0 -149.82 -59.179993 0.17999268 1.019989 -2.2399902 -3.3200073 -8.809998 13.179993 -12.859985 -5.9400024 0.8800049 -1.2400208 0.23001099 15.809998 -0.54000854 -1.4299927 
1363814830 300.0 169.53 38.72003 -7.370056 -30.98999 -4.8999634 0.23999023 0.099975586 1.6400146 -0.40997314 -4.7700195 -0.10003662 40.51001 -1.7299805 -32.03003 -5.419983 39.190002 
1363814831 50.0 38.72003 -7.370056 -30.98999 -4.8999634 0.23999023 0.099975586 1.6400146 -0.40997314 -4.7700195 -0.10003662 40.51001 -1.7299805 -32.03003 -5.419983 39.190002 -13.690002 
1363815004 -290.0 -124.97998 3.6799927 -1.6000061 -5.0799866 -1.9200134 -13.099976 -8.050018 1.7200012 10.160004 0.7000122 0.8999939 -9.76001 11.050018 11.529999 -7.3200073 0.010009766 
1363828970 296.0 104.66 0.20999146 -1.4499817 0.19998169 2.5500183 -1.4000244 0.25 0.8300171 -0.17001343 -0.6699829 16.23999 3.0899963 -2.0899963 0.51000977 0.29000854 -1.5800171 
1363829067 -297.0 -138.57 -82.59 1.3600006 -0.81999207 -0.27000427 0.8799896 0.13000488 -0.8600006 1.050003 -0.7899933 -0.29000854 1.2299957 -1.2599945 -0.30000305 1.1800079 -1.0 
1363852480 312.0 193.61002 51.350006 -0.16003418 0.8200073 -36.78 -46.939972 -1.5100098 -2.4500122 -1.9499817 -1.4700012 0.6999817 -0.41000366 0.37002563 -0.61001587 -1.0499878 -0.83999634 
1363852485 -86.0 -46.939972 -1.5100098 -2.4500122 -1.9499817 -1.4700012 0.6999817 -0.41000366 0.37002563 -0.61001587 -1.0499878 -0.83999634 0.0 0.08999634 0.80999756 0.2999878 0.3000183 
1363852601 32.0 6.0898438 5.199951 -2.579834 0.45996094 3.2600098 2.75 5.6899414 -14.47998 0.92993164 1.25 2.709961 -0.079833984 -7.3601074 -7.26001 0.75 2.3701172 
1363853456 24.0 -6.299988 4.779999 -9.090027 0.8800049 1.1400146 -1.8300171 2.4300232 -3.0400085 2.8599854 -1.6499939 -0.8699951 1.269989 -2.5499878 2.7099915 -1.6199951 0.33999634 
1363853742 38.0 -939.4601 -0.25 -3.0100098 0.6500244 -0.6500244 3.0 -0.26000977 -1.1400146 0.33007812 0.27990723 -0.9099121 4.0499268 -3.7999268 0.67993164 7.8900146 6.1099854 
1363854077 -30.0 5.619995 1.519989 1.2099915 -0.08999634 -2.7399902 -0.02999878 0.63998413 -0.02999878 0.61001587 0.10998535 -2.149994 -0.83999634 -0.9700012 0.6300049 -1.0899963 -0.14001465 
1363854794 12.0 5.919983 -3.1099854 2.130005 -2.3200073 3.369995 -1.8300171 1.1600342 0.3300171 0.48999023 0.8399658 -3.0299683 3.4299927 -4.340027 3.920044 -2.2300415 2.8099976 
1363854985 -356.0 -127.92999 -3.5800018 2.2899933 -1.7299957 1.8100128 -2.2400055 0.95999146 -1.5599976 1.1500092 -0.05999756 17.149994 0.02999878 5.8900146 2.5 -2.1600037 1.6099854 
1363854985 -127.0 -127.92999 -3.5800018 2.2899933 -1.7299957 1.8100128 -2.2400055 0.95999146 -1.5599976 1.1500092 -0.05999756 17.149994 0.02999878 5.8900146 2.5 -2.1600037 1.6099854 
1363874695 29.0 -57.879883 33.95996 -0.70996094 -1.5900879 4.7299805 9.660156 2.8798828 2.9699707 -5.9399414 -4.369873 -2.6901855 4.460205 4.819824 1.6899414 -2.75 -6.529785 
1363874719 46.0 7.1899414 0.0 -14.880127 0.0 -1.6599121 0.0 4.3100586 2.1398926 -3.4399414 -1.2399902 15.389893 5.0300293 3.3901367 -9.430176 -13.369873 -4.800049 
1363874800 17.0 15.809998 0.070007324 -5.6600037 -10.470001 1.1199951 -0.22000122 -1.2200012 -0.27999878 0.10998535 0.8500061 -0.16998291 -1.5500183 2.3099976 -0.039978027 -1.6500244 -8.149994 
1363874821 -63.0 -37.380005 1.0599976 -2.8299866 -0.3300171 -0.42999268 1.3699951 1.3300171 2.1999817 -3.3399963 -0.07998657 1.1499939 0.60998535 -3.2200012 1.2900085 0.6300049 2.1799927 
1363875522 24.0 8.179993 -6.3099976 -1.8099976 0.63998413 0.77001953 0.5799866 -2.2900085 0.5500183 0.8699951 -2.119995 0.25 2.0899963 1.9100037 -0.010009766 -0.730011 1.1600037 
1363876303 -39.0 -7.720001 0.020019531 0.45999146 -0.05999756 1.269989 -0.22000122 1.2799988 -0.15997314 -0.4000244 1.8399963 0.23001099 0.519989 1.5600281 -1.1000061 -1.1499939 -9.170013 
1363876302 14.0 7.4599915 -7.720001 0.020019531 0.45999146 -0.05999756 1.269989 -0.22000122 1.2799988 -0.15997314 -0.4000244 1.8399963 0.23001099 0.519989 1.5600281 -1.1000061 -1.1499939 
1363876319 -144.0 -10.0 -0.6199951 0.6000061 0.72998047 2.3900146 -1.5200195 -1.8499756 -0.47000122 0.269989 -0.7200012 0.040008545 0.4199829 1.1600037 -1.769989 -0.05001831 0.49002075 
1363876481 -24.0 5.919983 -4.5999756 -2.4900208 0.3300171 1.2599792 -1.9899902 -0.35998535 0.27999878 0.38998413 0.3300171 3.1299744 1.0800171 1.3299866 -0.6499939 -0.94000244 0.040008545 
1363876782 -316.0 -89.5 -112.100006 0.99002075 -1.2700195 0.5800171 0.519989 0.6000061 -1.5500183 -0.42999268 45.55002 18.0 -0.5 1.7399902 -0.54000854 0.8699951 45.830017 
1363886731 294.0 50.799988 337.45 32.169983 -0.9199829 18.539978 -29.609985 32.140015 -8.799988 4.1099854 -25.720032 0.3300171 -408.8 -2.1900024 2.619995 -1.019989 170.48001 
1363887134 -132.0 -10.669983 0.5700073 3.6799927 3.1500244 -0.15002441 1.9000244 -5.040039 -11.279968 -1.1400146 -2.5700073 -8.340027 -7.459961 -7.98999 -6.410034 -5.7799683 -5.710022 
1363887338 36.0 45.380005 -23.799988 -69.45001 -5.4000244 -0.7199707 -0.6600342 33.380005 193.31 11.040039 -32.299988 -0.9100342 12.619995 2.5499878 -3.8200073 -0.52996826 9.5 
1363887349 -11.0 12.619995 2.5499878 -3.8200073 -0.52996826 9.5 10.469971 -216.33997 -24.590027 3.6000366 -0.72003174 38.5 189.93 56.74005 -20.78003 11.940002 2.0299683 
1363887532 -12.0 119.44006 -35.80005 -92.119995 -63.799988 -69.19 -338.64996 1.4799805 -0.15997314 1.4399414 -0.9499512 112.29999 372.31 108.96997 64.07007 -140.32007 29.700073 
1363887545 -81.0 64.07007 -140.32007 29.700073 -121.70007 -428.63995 1.539978 2.380005 1.789978 -0.8399658 124.40997 380.47998 154.47998 39.840088 -88.25 -94.98999 -113.26007 
1363887610 15.0 19.839966 -0.5199585 1.0999756 2.0200195 161.07996 353.6501 159.42993 10.22998 36.210083 -34.160034 -291.26 -398.37 -1.4100342 3.7399902 0.15002441 -0.8200073 
1363887859 -10.0 -42.97 1.8399963 0.23001099 -0.23001099 -1.7000122 1.5 22.920013 168.84003 41.76996 -68.609985 -24.47998 -101.160034 -42.339996 -0.6499939 0.44000244 1.7000122 
1363887859 -56.0 -42.97 1.8399963 0.23001099 -0.23001099 -1.7000122 1.5 22.920013 168.84003 41.76996 -68.609985 -24.47998 -101.160034 -42.339996 -0.6499939 0.44000244 1.7000122 
1363888790 12.0 13.789978 -0.5700073 4.119995 -2.7600098 5.3500366 2.8599854 -2.0100098 -3.4299927 -2.7200317 0.4300537 2.579956 0.17999268 2.130005 -0.9199829 1.4299927 -2.080017 
1363888794 -31.0 5.3500366 2.8599854 -2.0100098 -3.4299927 -2.7200317 0.4300537 2.579956 0.17999268 2.130005 -0.9199829 1.4299927 -2.080017 -3.169983 1.3900146 3.0899658 -2.9899902 
1363889014 47.0 9.049988 -1.4400024 -0.72998047 -5.410034 -0.13000488 -0.35998535 4.76001 -3.119995 -0.049987793 -0.08001709 1.7999878 -0.6500244 -0.82995605 0.5499878 2.4099731 -0.75 
1363889288 -34.0 -6.709961 0.73999023 8.140015 -3.170044 -2.5299683 7.159973 -3.5299683 0.5700073 -6.5200195 2.3400269 1.1999512 -1.2199707 -1.5499878 0.049987793 3.6499634 4.8500366 
1363889583 -252.0 -30.820007 -9.869995 -3.580017 -1.710022 -0.30999756 3.830017 5.26001 -3.169983 -1.1799927 -3.5300293 -0.98999023 -0.15002441 2.3200073 0.48999023 1.1400146 3.919983 
1363889606 -331.0 -120.54001 0.010009766 -0.22998047 3.2099915 6.019989 -6.25 -2.100006 -1.4499817 16.429993 -1.6600037 -1.2799988 1.4400024 -0.1499939 -0.6199951 -0.11001587 8.779999 
1363890580 278.0 141.72003 13.589966 -6.5999756 -4.3599854 1.6300049 4.169983 9.539978 3.2400513 -4.210022 7.080017 -4.130005 -1.2200317 2.869995 -3.0299683 -9.350037 0.3300171 
1363894795 300.0 138.1 41.27002 0.58999634 -1.230011 2.7000122 -4.180023 1.4100037 0.58999634 -1.6299744 5.0 -5.700012 3.0899963 -1.1900024 -1.3800049 2.230011 -3.2999878 
1363895234 -284.0 -146.79001 -33.48001 5.6799927 1.4400024 -6.3200073 -0.769989 3.6799927 -4.23999 -0.02999878 0.29000854 2.1399841 -3.4100037 1.7099915 32.80002 56.649994 -22.880005 
1363896036 280.0 152.28998 -0.039978027 -4.6400146 4.5300293 -8.190002 9.639954 7.130005 0.960022 -6.659973 -2.4400024 -8.420044 -5.959961 -4.6900024 7.880005 5.829956 -1.7199707 
1363896036 97.0 152.28998 -0.039978027 -4.6400146 4.5300293 -8.190002 9.639954 7.130005 0.960022 -6.659973 -2.4400024 -8.420044 -5.959961 -4.6900024 7.880005 5.829956 -1.7199707 
1363896108 -286.0 -187.46997 -17.720032 24.710022 3.709961 -4.7199707 -1.6400146 -1.2399902 -5.4799805 8.719971 -14.380005 -1.0599976 21.480042 -3.3900146 5.4799805 1.0900269 -11.900024 
1363896303 295.0 145.12 11.51001 7.710022 -3.1400146 -7.5300293 -0.8499756 4.3599854 -0.8699951 -0.55999756 9.450012 -11.350037 8.790039 0.8499756 -7.9799805 1.0299683 3.4700317 
1363896843 -305.0 -17.059998 8.650024 6.089966 1.5800171 -0.6600342 -3.2699585 1.0100098 2.3199463 -1.1399536 8.719971 -9.7699585 1.3999634 0.38000488 0.6300049 -2.9799805 -44.80005 
1363898446 327.0 162.38998 65.33002 -6.9800415 0.14001465 2.3200073 8.039978 -9.819946 -0.39001465 1.2299805 -0.4500122 5.4800415 9.779968 1.4899902 1.8600464 -3.8099976 0.72998047 
1363898743 24.0 12.919983 -2.8599854 -0.28997803 0.029968262 0.10998535 -6.839966 -6.0300293 6.4700317 9.820007 -5.619995 0.32995605 2.7400513 -2.1600342 -1.6599731 0.8200073 1.3699951 
1363898902 -308.0 -210.04999 -20.190002 3.8399963 0.79000854 -11.350006 0.41000366 -5.230011 -8.25 2.2400208 -5.4000244 5.960022 1.1900024 14.189972 -18.409973 0.85998535 -17.209991 
1363902766 313.0 170.26999 86.42999 -0.75 -8.379974 -7.200012 -2.75 0.0 4.980011 0.0 -2.980011 0.0 1.9100037 0.0 -2.75 -0.33999634 1.5599976 
1363903012 -310.0 -124.48999 17.880005 -2.0899963 -3.130005 1.3699951 1.7000122 -2.8399963 1.7799988 -2.0100098 0.7000122 0.8999939 -1.8300171 20.27002 -2.7400208 0.23001099 -1.4400024 
1363938183 318.0 160.94 89.00003 37.349976 1.0100098 1.9099731 1.4100342 0.099975586 0.25 -1.1699829 -0.59002686 0.10998535 -1.2799683 0.9000244 0.3499756 0.27996826 -0.10998535 
1363938792 23.0 -6.370117 -4.829834 -2.6000977 -2.5700684 1.6901855 13.5998535 16.449951 4.01001 4.25 -3.9199219 -10.939941 -2.9799805 -0.5600586 -4.4299316 -5.930176 -2.2700195 
1363938902 -126.0 -7.6401367 3.6899414 -0.70996094 -0.51000977 -0.1899414 2.3601074 0.98999023 -2.920166 0.0 1.170166 1.4199219 -1.380127 -0.41992188 1.380127 1.9299316 0.07006836 
1363940786 -345.0 -143.20999 17.629974 -4.0599976 1.0100098 -0.730011 -0.7200012 -0.039978027 -1.2200012 1.0799866 -4.3399963 1.8600159 -5.110016 -0.480011 -0.25997925 0.91000366 -0.6500244 
1363945152 341.0 206.47 40.309998 -0.010009766 2.290039 2.3899536 0.35003662 -2.3000488 2.2300415 0.30999756 2.8099976 -4.160034 3.8099976 -2.669983 -0.22998047 1.0100098 -1.6900024 
1363945606 -345.0 -250.58997 -29.339996 -0.55999756 2.1099854 -3.2900085 -0.22000122 1.960022 0.08999634 4.6999817 -3.7099915 0.040008545 -1.2099915 0.73999023 0.5700073 -3.2200012 0.8500061 
1363970472 326.0 180.81 77.94 -3.4899902 -0.33999634 0.73999023 -1.6900024 1.5500183 2.189972 -0.75997925 -0.66000366 2.269989 1.5800171 -2.8900146 0.3000183 1.7999878 -2.9700012 
1363971587 11.0 -5.2200317 0.0 -0.10998535 0.0 0.19000244 -0.52001953 -0.64001465 0.22003174 0.7000122 1.0100098 1.2699585 0.38000488 0.7300415 0.029968262 -0.51000977 1.3800049 
1363971587 -66.0 -5.2200317 0.0 -0.10998535 0.0 0.19000244 -0.52001953 -0.64001465 0.22003174 0.7000122 1.0100098 1.2699585 0.38000488 0.7300415 0.029968262 -0.51000977 1.3800049 
1363972176 12.0 -5.119995 0.8800049 0.730011 -0.15002441 -2.0099792 0.5999756 0.99002075 1.8299866 -0.7799988 -1.8599854 1.0899963 1.3599854 1.0100098 0.049987793 -0.9199829 -2.0200195 
1363972636 -79.0 -6.1799927 -0.42001343 0.61001587 0.3999939 0.32000732 0.13000488 0.83999634 0.48999023 2.6600037 -0.44000244 0.11001587 0.75 -0.27999878 1.5499878 1.5799866 -3.1099854 
1363975237 -338.0 -173.8 1.7799988 -2.6799927 1.449997 -0.13999939 -0.6000061 1.1500092 -2.0899963 2.1799927 -1.6600037 0.480011 0.5099945 -1.6199951 1.8099976 -1.4000092 1.8800049 
1363975726 391.0 165.46002 28.48999 0.4199829 1.6000366 -3.0700073 2.669983 -2.0499878 0.070007324 8.839966 -0.6799927 0.22003174 3.1900024 -4.1500244 0.3499756 1.9300537 -3.8100586 
1363976377 22.0 -36.320007 4.8200073 -21.549988 61.450012 -209.34003 -178.79999 -0.76000977 0.42999268 -0.73999023 0.0 212.76001 206.21997 -65.45996 18.339966 -13.789978 31.539978 
1363976478 -26.0 79.430176 -59.180176 25.300049 -135.6399 -250.6101 2.380127 -0.12011719 9.610107 146.66992 237.02002 4.590088 -7.3901367 -46.23999 45.77002 -65.01001 82.64014 
1363976478 24.0 79.430176 -59.180176 25.300049 -135.6399 -250.6101 2.380127 -0.12011719 9.610107 146.66992 237.02002 4.590088 -7.3901367 -46.23999 45.77002 -65.01001 82.64014 
1363977936 -63.0 6.0200195 -262.51 -78.81 0.1800232 -0.3000183 21.029999 257.24002 160.69 -78.96002 -14.190002 -16.210022 11.560059 -16.27002 8.52002 6.959961 11.380005 
1363978568 -329.0 -213.3999 -11.360107 2.6201172 -1.7099609 89.049805 246.09009 50.71997 -85.68994 -5.76001 10.439941 -10.199951 5.2299805 -3.8598633 2.5100098 -115.920166 -193.5 
1363988628 296.0 150.16002 6.8499756 0.3500061 0.38000488 -1.6600037 1.25 1.0800171 -2.4900208 1.3099976 0.77001953 -0.29000854 -1.4599915 -0.6000061 1.0100098 -2.710022 1.960022 
1363989560 48.0 -296.7401 0.0 -1299.8999 -0.11001587 -1.3500061 -0.43997192 0.88998413 0.8999939 -0.3999939 0.05999756 -1.5400085 -0.60998535 0.94000244 0.1499939 0.61001587 0.6499939 
1363989741 -275.0 10.869995 -12.130005 0.099975586 0.7999878 3.9299927 -1.5999756 -2.4000244 0.10003662 1.0100098 -2.5700073 3.669983 6.73999 -0.9500122 -15.329956 0.32995605 1.5800171 
1363989780 -316.0 -226.26001 6.5899963 4.389984 -6.389984 -24.549988 11.099976 11.650024 -10.610016 -10.389984 -4.860016 5.110016 8.470001 10.799988 1.9700012 -18.130005 4.649994 
1363990608 272.0 116.58002 4.8499756 0.2999878 2.869995 1.7700195 1.1900024 -1.8900146 -0.25 -0.2699585 -2.7000122 0.11999512 0.60998535 -1.4599609 2.9899902 -0.040039062 -4.209961 
1363990951 -286.0 -155.23001 -55.579987 -0.3000183 -13.869995 -2.380005 -20.839996 -15.949982 -5.7900085 7.8399963 0.61001587 3.0 -5.1500244 -1.4099731 13.349976 12.860016 0.0 
1363994497 234.0 141.5 -21.580017 -1.5 -1.4400024 0.1800232 0.6499939 -0.5 1.3999939 -1.4899902 1.3099976 -0.8300171 1.4300232 -0.69000244 -0.74002075 0.76000977 -1.0700073 
1363994828 -241.0 -101.75 15.75 -1.3099976 -1.4199982 0.9299927 -1.019989 0.6599884 -0.47999573 0.44999695 0.010009766 -0.23001099 -0.16999817 -0.11999512 0.7899933 -0.83999634 1.0700073 
1364024423 254.0 113.78003 53.94998 -8.029999 -0.7000122 -1.8599854 1.5700073 0.19000244 -0.44000244 0.039978027 -0.27999878 1.0600281 -1.3300171 -0.54000854 0.76000977 0.010009766 -0.74002075 
1364024425 -37.0 -8.029999 -0.7000122 -1.8599854 1.5700073 0.19000244 -0.44000244 0.039978027 -0.27999878 1.0600281 -1.3300171 -0.54000854 0.76000977 0.010009766 -0.74002075 -0.049987793 1.769989 
1364025281 -247.0 -139.22 -21.309998 -0.22000122 1.5799866 -1.5099792 -0.8300171 1.4900208 -0.16000366 -0.8300171 0.13000488 0.55999756 -1.6199951 0.1000061 2.2900085 -1.3300171 -1.0400085 
1364025690 286.0 92.73001 -1.9500122 -3.0599976 0.77001953 1.4799805 -2.6399841 0.06997681 1.9000244 -1.9900208 0.27001953 0.7999878 -2.100006 -0.3199768 0.1499939 -5.360016 -0.05999756 
1364025690 200.0 92.73001 -1.9500122 -3.0599976 0.77001953 1.4799805 -2.6399841 0.06997681 1.9000244 -1.9900208 0.27001953 0.7999878 -2.100006 -0.3199768 0.1499939 -5.360016 -0.05999756 
1364026331 -32.0 16.589996 4.1700134 1.3299866 0.9300232 0.06997681 -1.269989 -1.0299988 -0.8299866 0.039978027 -0.23999023 0.48999023 1.3800049 -0.9499817 -0.32000732 -0.77001953 -1.2799988 
1364026331 34.0 16.589996 4.1700134 1.3299866 0.9300232 0.06997681 -1.269989 -1.0299988 -0.8299866 0.039978027 -0.23999023 0.48999023 1.3800049 -0.9499817 -0.32000732 -0.77001953 -1.2799988 
1364026711 -74.0 -5.1101074 -3.039917 -1193.23 -417.41998 0.789978 0.24002075 -0.8500061 -0.26000977 -0.1000061 0.44000244 -1.0499878 0.17999268 -0.6000061 -0.4199829 0.60998535 -0.1499939 
1364026714 12.0 -417.41998 0.789978 0.24002075 -0.8500061 -0.26000977 -0.1000061 0.44000244 -1.0499878 0.17999268 -0.6000061 -0.4199829 0.60998535 -0.1499939 -0.16998291 0.75 -0.060028076 
1364027300 -92.0 -15.090027 -1.3799744 -0.070007324 -0.36001587 -0.6699829 -0.83999634 -0.980011 -0.44000244 -0.16000366 0.17001343 -0.8800049 0.019989014 0.32000732 0.3999939 1.710022 -1.2400208 
1364027299 11.0 16.430023 -15.090027 -1.3799744 -0.070007324 -0.36001587 -0.6699829 -0.83999634 -0.980011 -0.44000244 -0.16000366 0.17001343 -0.8800049 0.019989014 0.32000732 0.3999939 1.710022 
1364027553 72.0 7.340027 10.48999 -0.8300171 -0.33999634 -0.33999634 0.5299988 -2.350006 -15.389984 0.41000366 -1.3399963 -0.13000488 1.1499939 0.19000244 0.26000977 0.58999634 -0.39001465 
1364027560 -52.0 -15.389984 0.41000366 -1.3399963 -0.13000488 1.1499939 0.19000244 0.26000977 0.58999634 -0.39001465 -0.049987793 -0.38000488 -0.5799866 0.3999939 0.75 0.72998047 -0.8199768 
1364027636 -24.0 -9.669983 -0.47000122 0.22000122 0.08999634 0.20999146 -0.95999146 -0.480011 -0.5 0.36001587 -0.6000061 -0.3999939 -0.8800049 0.8999939 0.24002075 0.38998413 -0.1499939 
1364028374 -363.0 -154.14 -0.37998962 0.25 0.30000305 -0.21000671 0.5200043 -0.47000122 -0.16000366 -0.05999756 0.11999512 0.11000061 0.26000977 -0.26000977 0.3600006 0.16000366 0.16999817 
1364039833 303.0 165.28998 9.350006 0.3999939 0.090026855 -0.010009766 -0.55999756 0.32000732 0.75997925 -0.36999512 -0.9700012 0.66000366 0.8299866 -1.3799744 1.1199951 0.41000366 0.50997925 
1364040180 -10.0 -5.0400085 -3.149994 -0.020019531 0.8800049 0.730011 -1.0200195 -0.19000244 0.46002197 0.55999756 0.3500061 -0.61001587 -0.980011 1.0400085 0.47000122 0.51000977 -0.36001587 
1364040241 -286.0 -174.11002 -23.429993 -0.30999756 1.0399933 -1.3899994 -0.009994507 0.009994507 0.13999939 0.22000122 -0.13000488 0.15000916 0.33999634 0.16000366 0.17999268 0.6300049 -1.0099945 
