1363550018 66.0 49.72 8.559998 -6.6400146 -0.2999878 0.26000977 -3.119995 -9.390015 0.32998657 0.5600281 -5.7900085 17.690002 -2.6900024 20.089996 -6.4100037 -9.0 14.130005 
1363556756 -87.0 -48.369995 2.9599915 -0.70999146 0.2899933 -0.039993286 0.13999939 -0.29000854 0.0 -0.48999023 1.0099945 -0.83999634 0.1599884 0.19000244 0.40000916 -14.880005 18.5 
1363618234 60.0 44.199997 0.55999756 -0.5399933 -11.699997 4.330002 -4.1399994 -11.230011 -1.4599915 1.1299896 -0.009994507 -5.5899963 -0.26000977 11.610001 10.2400055 2.119995 -23.789993 
1363621850 -86.0 -81.19 2.6599731 -0.4000244 -0.19000244 -1.2199707 -0.099975586 -0.3300171 0.21002197 0.25 0.8199463 -0.65997314 -0.77001953 -0.4199829 0.6699829 -0.539978 0.13000488 
1363634584 70.0 45.280014 1.8699951 -2.3399963 0.05999756 3.289978 -3.2799988 -15.25 0.32000732 -0.5700073 4.4000244 3.4299927 -7.25 6.869995 16.459991 0.5700073 -21.019989 
1363636844 -85.0 -78.76001 -5.669998 1.2299957 -0.6399994 1.3600006 -1.0100098 0.89001465 -1.0700073 0.4900055 0.3899994 -0.55999756 1.519989 -2.0899963 1.5700073 27.049988 -12.779999 
1363639986 64.0 46.820007 8.23999 -4.4099884 2.9599915 -2.2599945 4.470001 -16.850006 -4.0 3.680008 -3.6600037 1.5 4.2700043 0.47999573 24.75 -16.720001 2.0299988 
1363646540 -86.0 -49.14 0.91999817 -0.1499939 -0.08000183 0.020004272 0.1499939 0.11999512 0.020004272 0.11000061 0.19999695 -0.7200012 0.3400116 -0.28001404 0.28001404 0.21998596 0.2000122 
1363726389 63.0 41.87001 -0.9500122 -0.9099884 -0.43000793 5.1200104 -8.790009 -12.449997 -1.3200073 7.6600037 -6.919998 11.360001 -10.7400055 5.5700073 13.669998 -14.899994 14.98999 
1363730612 -86.0 -78.06 -5.970001 0.27999878 -0.38000488 -0.73999023 -0.54000854 1.0800018 0.3899994 -0.66999817 0.6000061 0.5099945 0.55000305 -0.83999634 -0.27000427 0.66999817 0.5299988 
1363804597 90.0 45.0 6.6000366 -5.799988 -2.75 3.039978 -3.5499878 -15.300049 6.7200317 -2.169983 0.4699707 3.7999878 -3.5599976 11.76001 8.669983 -1.9499512 -16.050049 
1363805844 -86.0 -59.25998 1.7599792 -0.019989014 2.2000122 -2.1700134 0.769989 -0.17999268 -0.7200012 0.80999756 -5.9799805 -12.630005 1.4499817 -1.8899841 0.41000366 1.019989 -1.6199951 
1363809206 -32.0 -11.410034 -2.0099487 3.5999756 -5.6799927 0.6300049 3.9500122 -3.1400146 0.42999268 -0.38000488 -1.8800049 -1.039978 1.8499756 1.0599976 1.25 0.46002197 -0.049987793 
1363822364 -87.0 -39.11 2.6699982 1.3300018 -1.6799927 1.3199921 -0.9700012 0.16000366 0.1499939 -1.2099915 0.8899994 -0.18000793 -3.199997 -1.300003 -0.6299896 0.269989 0.55999756 
1363859831 55.0 -5.200012 -0.13998413 0.7799988 -1.2000122 0.5299988 0.38000488 -0.480011 0.22000122 -0.019989014 1.0100098 -0.730011 -0.29000854 -1.2299805 -0.9200134 0.010009766 1.2299805 
1363867755 -55.0 -7.1799316 -6.300049 4.5200195 -3.9000244 0.8800049 5.6500244 0.39001465 -2.2399902 -0.060058594 -5.170044 1.8300781 -1.8800049 2.0999756 -0.41003418 -4.4799805 -3.6600342 
1363890065 76.0 39.349976 -5.130005 3.8500366 -0.9100342 3.2399902 -9.459961 -6.3099976 -2.5300293 -2.0 0.8699951 6.6100464 -7.6000366 22.47998 5.2700195 -19.539978 -7.4400024 
1363891895 -86.0 -36.579987 -0.33999634 3.4099731 -4.019989 3.4400024 -2.7000122 1.5700073 -0.2999878 0.50997925 -0.97998047 -0.13000488 0.48999023 -0.50997925 -0.64001465 -18.089996 1.6400146 
1363895340 62.0 38.26996 -9.190002 4.210022 -5.799988 8.779968 -11.949951 -7.710022 -1.3200073 3.619995 0.9299927 17.590027 -6.5700073 21.179993 -1.3900146 -11.380005 -6.5 
1363902204 -87.0 -56.170013 -25.209991 -0.6000061 3.2400208 -1.7700195 0.19000244 1.2399902 -2.4799805 0.19998169 3.25 -3.3899841 -0.070007324 4.769989 2.5 -7.159973 1.8899841 
1363949379 65.0 49.350006 4.8499756 -2.4899902 -8.970001 5.75 -6.3200073 -7.7599792 -0.14001465 -5.4599915 4.630005 -1.6000061 -3.0899963 13.309998 27.880005 -9.930023 -23.429993 
1363954796 -87.0 -63.65999 3.130005 -0.44999695 0.9299927 -1.1900024 -0.1499939 0.33999634 -0.16999817 0.13000488 -1.1600037 0.9299927 0.16000366 0.9700012 -0.9299927 -0.58000183 -0.120010376 
1363980202 63.0 56.639984 231.08002 -65.630005 45.909973 -66.46997 81.02997 -96.45996 121.96997 -80.79999 32.099976 -110.81 -176.77997 1.4899902 -0.040008545 -0.8500061 89.70001 
1363980221 -32.0 -72.27002 19.309998 -240.93 4.2099915 -2.100006 0.21002197 97.359985 160.03998 83.27002 -103.08002 79.630005 -58.75 51.72003 -50.150024 38.5 -6.51001 
1363982621 -80.0 -73.240005 -2.069992 0.039993286 0.33000183 -0.7700043 0.6000061 0.16000366 -0.30000305 0.27000427 -0.7700043 0.069992065 -0.12998962 0.25 0.019989014 0.47000122 -1.0800018 
1363982673 69.0 42.22 27.259995 -5.8899994 5.869995 -0.95999146 3.0899963 -15.650009 -4.9299927 0.3600006 -0.16000366 -0.30999756 4.880005 -4.1600037 17.940002 -0.3600006 -5.5700073 
1363982812 -84.0 -81.12999 3.0800018 1.0 -0.43000793 -0.3600006 0.16999817 0.8600006 -0.6299896 -0.42001343 0.480011 1.25 -1.3600006 0.19999695 0.6100006 0.3600006 -1.4300079 
1363983798 50.0 32.799988 -10.48999 4.75 3.9899902 -5.880005 -14.98999 -0.05999756 1.9700012 -4.6700134 5.3700256 3.7799988 -11.480011 20.059998 8.309998 -22.359985 -1.6200256 
1363998295 -87.0 -65.39001 2.6500015 0.5699997 0.0 -0.34999847 0.11000061 0.5499954 -0.7799988 -0.11000061 0.75 -0.20999908 -0.41999817 0.22000122 0.8899994 -1.050003 -0.15999603 
1364023398 63.0 45.750015 -0.8300171 -1.3099976 -0.47000122 0.27999878 1.3699951 -11.539978 -3.9000244 -6.389984 5.470001 -2.5200195 -3.0999756 10.799988 16.380005 -14.390015 -13.419983 
1364029423 -85.0 -39.53 3.2200012 0.0 -1.3500061 0.0 0.020004272 0.0 0.049987793 0.0 0.43000793 -0.3600006 -0.55000305 0.66999817 0.05000305 -0.7400055 0.54000854 
